100
0
0
0
 -0.00170563
-0.000559637
   -0.049995
-0.00642972
-0.00282852
 -0.0996992
 -0.0142334
-0.00664563
  -0.149054
-0.0251649
-0.0118476
 -0.198001
-0.0392602
-0.0182697
 -0.246484
-0.0565422
-0.0257477
  -0.29445
-0.0770215
-0.0341183
 -0.341844
 -0.100697
-0.0432206
 -0.388616
 -0.127554
-0.0528973
 -0.434718
  -0.15757
-0.0629957
 -0.480101
 -0.190709
-0.0733683
 -0.524722
 -0.226926
-0.0838737
 -0.568539
 -0.266168
-0.0943778
  -0.61151
-0.308371
-0.104754
-0.653599
-0.353466
-0.114883
 -0.69477
-0.401376
-0.124655
 -0.73499
-0.452018
-0.133969
-0.774227
-0.505306
-0.142732
-0.812455
-0.561147
-0.150861
-0.849645
-0.619447
-0.158281
-0.885775
-0.680107
-0.164929
-0.920822
-0.743028
-0.170747
-0.954765
 -0.80811
 -0.17569
-0.987588
-0.875249
-0.179718
 -1.01927
-0.944346
-0.182802
  -1.0498
  -1.0153
-0.184919
 -1.07917
 -1.08801
-0.186056
 -1.10736
 -1.16237
-0.186205
 -1.13437
  -1.2383
-0.185367
 -1.16017
 -1.31568
-0.183548
 -1.18478
 -1.39444
-0.180761
 -1.20817
 -1.47448
-0.177025
 -1.23035
 -1.55571
-0.172363
 -1.25131
 -1.63805
-0.166805
 -1.27105
  -1.7214
-0.160384
 -1.28956
  -1.8057
-0.153138
 -1.30684
 -1.89086
-0.145108
 -1.32289
-1.97682
-0.13634
 -1.3377
 -2.06348
-0.126882
 -1.35129
 -2.15079
-0.116785
 -1.36364
 -2.23868
-0.106103
 -1.37475
  -2.32707
-0.0948912
  -1.38463
  -2.41591
-0.0832077
  -1.39327
  -2.50514
-0.0711122
  -1.40068
  -2.59468
-0.0586656
  -1.40686
  -2.68448
-0.0459301
  -1.41179
 -2.77449
-0.032969
  -1.4155
  -2.86463
-0.0198463
  -1.41797
   -2.95487
-0.00662624
    -1.4192
  -3.04513
0.00662624
   -1.4192
 -3.13537
0.0198463
 -1.41797
-3.22551
0.032969
 -1.4155
 -3.31552
0.0459301
 -1.41179
 -3.40532
0.0586656
 -1.40686
 -3.49486
0.0711122
 -1.40068
 -3.58409
0.0832077
 -1.39327
 -3.67293
0.0948912
 -1.38463
-3.76132
0.106103
-1.37475
-3.84921
0.116785
-1.36364
-3.93652
0.126882
-1.35129
-4.02318
 0.13634
 -1.3377
-4.10914
0.145108
-1.32289
 -4.1943
0.153138
-1.30684
 -4.2786
0.160384
-1.28956
-4.36195
0.166805
-1.27105
-4.44429
0.172363
-1.25131
-4.52552
0.177025
-1.23035
-4.60556
0.180761
-1.20817
-4.68432
0.183548
-1.18478
 -4.7617
0.185367
-1.16017
-4.83763
0.186205
-1.13437
-4.91199
0.186056
-1.10736
 -4.9847
0.184919
-1.07917
-5.05565
0.182802
 -1.0498
-5.12475
0.179718
-1.01927
 -5.19189
  0.17569
-0.987588
 -5.25697
 0.170747
-0.954765
 -5.31989
 0.164929
-0.920822
 -5.38055
 0.158281
-0.885775
 -5.43885
 0.150861
-0.849645
 -5.49469
 0.142732
-0.812455
 -5.54798
 0.133969
-0.774227
-5.59862
0.124655
-0.73499
-5.64653
0.114883
-0.69477
 -5.69163
 0.104754
-0.653599
 -5.73383
0.0943778
 -0.61151
 -5.77307
0.0838737
-0.568539
 -5.80929
0.0733683
-0.524722
 -5.84243
0.0629957
-0.480101
 -5.87245
0.0528973
-0.434718
  -5.8993
0.0432206
-0.388616
 -5.92298
0.0341183
-0.341844
 -5.94346
0.0257477
 -0.29445
 -5.96074
0.0182697
-0.246484
 -5.97484
0.0118476
-0.198001
  -5.98577
0.00664564
 -0.149054
  -5.99357
0.00282852
-0.0996992
   -5.99829
0.000559637
  -0.049995
-6
 0
 0

