100
0
0
0
-0.00304377
-0.00450434
  -0.121341
-0.0140632
-0.0117207
 -0.229412
-0.0324454
 -0.020536
 -0.325329
-0.0574947
 -0.030103
 -0.410225
-0.0884968
 -0.039801
 -0.485204
 -0.124759
-0.0491941
 -0.551309
 -0.165637
-0.0579906
 -0.609514
-0.210543
-0.066009
 -0.66071
 -0.258951
-0.0731489
 -0.705704
 -0.310401
-0.0793682
 -0.745222
-0.364485
-0.084666
-0.779915
 -0.420853
-0.0890686
  -0.81036
 -0.479197
-0.0926204
 -0.837069
-0.539255
-0.095376
-0.860496
 -0.600797
-0.0973954
  -0.88104
 -0.663626
-0.0987406
 -0.899053
 -0.727573
-0.0994727
 -0.914847
  -0.79249
-0.0996506
 -0.928692
 -0.858251
-0.0993302
 -0.940828
 -0.924745
-0.0985632
 -0.951466
 -0.991878
-0.0973974
  -0.96079
  -1.05957
-0.0958765
 -0.968962
  -1.12774
-0.0940402
 -0.976124
 -1.19634
-0.091924
  -0.9824
   -1.2653
-0.0895602
 -0.987898
  -1.33459
-0.0869775
 -0.992716
  -1.40416
-0.0842015
 -0.996937
  -1.47397
-0.0812552
  -1.00063
    -1.544
-0.0781587
  -1.00387
  -1.61421
-0.0749303
   -1.0067
  -1.68459
-0.0715857
  -1.00918
  -1.75511
-0.0681392
  -1.01135
  -1.82575
-0.0646032
  -1.01325
  -1.89651
-0.0609889
  -1.01491
 -1.96736
-0.057306
 -1.01635
  -2.03829
-0.0535631
  -1.01761
 -2.10929
-0.049768
 -1.01871
  -2.18035
-0.0459274
  -1.01966
  -2.25147
-0.0420473
  -1.02048
  -2.32264
-0.0381331
  -1.02119
  -2.39384
-0.0341896
  -1.02179
 -2.46508
-0.030221
 -1.02231
  -2.53635
-0.0262313
  -1.02274
  -2.60764
-0.0222239
  -1.02309
  -2.67896
-0.0182021
  -1.02338
  -2.75028
-0.0141688
  -1.02361
  -2.82162
-0.0101267
  -1.02377
   -2.89297
-0.00607843
   -1.02388
   -2.96432
-0.00202655
   -1.02394
  -3.03568
0.00202655
  -1.02394
  -3.10703
0.00607843
  -1.02388
 -3.17838
0.0101267
 -1.02377
 -3.24972
0.0141688
 -1.02361
 -3.32104
0.0182021
 -1.02338
 -3.39236
0.0222239
 -1.02309
 -3.46365
0.0262313
 -1.02274
-3.53492
0.030221
-1.02231
 -3.60616
0.0341896
 -1.02179
 -3.67736
0.0381331
 -1.02119
 -3.74853
0.0420473
 -1.02048
 -3.81965
0.0459274
 -1.01966
-3.89071
0.049768
-1.01871
 -3.96171
0.0535631
 -1.01761
-4.03264
0.057306
-1.01635
 -4.10349
0.0609889
 -1.01491
 -4.17425
0.0646032
 -1.01325
 -4.24489
0.0681392
 -1.01135
 -4.31541
0.0715857
 -1.00918
 -4.38579
0.0749303
  -1.0067
   -4.456
0.0781587
 -1.00387
 -4.52603
0.0812552
 -1.00063
 -4.59584
0.0842015
-0.996937
 -4.66541
0.0869775
-0.992716
  -4.7347
0.0895602
-0.987898
-4.80366
0.091924
 -0.9824
 -4.87226
0.0940402
-0.976124
 -4.94043
0.0958765
-0.968962
 -5.00812
0.0973974
 -0.96079
 -5.07525
0.0985632
-0.951466
 -5.14175
0.0993302
-0.940828
 -5.20751
0.0996506
-0.928692
 -5.27243
0.0994727
-0.914847
 -5.33637
0.0987406
-0.899053
  -5.3992
0.0973954
 -0.88104
 -5.46075
 0.095376
-0.860496
  -5.5208
0.0926204
-0.837069
 -5.57915
0.0890686
 -0.81036
 -5.63551
 0.084666
-0.779915
  -5.6896
0.0793682
-0.745222
 -5.74105
0.0731489
-0.705704
-5.78946
0.066009
-0.66071
 -5.83436
0.0579906
-0.609514
 -5.87524
0.0491941
-0.551309
  -5.9115
 0.039801
-0.485204
 -5.94251
 0.030103
-0.410225
 -5.96755
 0.020536
-0.325329
 -5.98594
0.0117207
-0.229412
  -5.99696
0.00450434
 -0.121341
-6
 0
 0

