6000
-0.000152291
-0.00037903
-0.000605516
-0.000831864
-0.00105807
-0.00128414
-0.00151007
-0.00173586
-0.00196151
-0.00218702
-0.00241239
-0.00263762
-0.00286271
-0.00308766
-0.00331247
-0.00353714
-0.00376167
-0.00398605
-0.00429193
-0.00451642
-0.00474077
-0.00496498
-0.00518904
-0.00541297
-0.00563675
-0.0058604
-0.0060839
-0.00630726
-0.00653047
-0.00675355
-0.00697648
-0.00719927
-0.00742191
-0.00764442
-0.00786678
-0.00808899
-0.00831107
-0.00853299
-0.00875478
-0.00897642
-0.00919792
-0.00941927
-0.00964048
-0.00986155
-0.0100825
-0.0103032
-0.0105239
-0.0107444
-0.0109647
-0.0111849
-0.0114049
-0.0116248
-0.0118446
-0.0120642
-0.0122837
-0.012503
-0.0127221
-0.0129412
-0.01316
-0.0133788
-0.0135973
-0.0138158
-0.0140341
-0.0142522
-0.0144702
-0.014688
-0.0149057
-0.0151232
-0.0153406
-0.0155579
-0.015775
-0.0159919
-0.0162087
-0.0164253
-0.0166418
-0.0168582
-0.0170744
-0.0172904
-0.0175063
-0.017722
-0.0179376
-0.018153
-0.0183683
-0.0185834
-0.0187984
-0.0190132
-0.0192279
-0.0194424
-0.0196567
-0.0198709
-0.020085
-0.0202989
-0.0205126
-0.0207262
-0.0209396
-0.0211529
-0.021366
-0.021579
-0.0217918
-0.0220044
-0.0222169
-0.0224292
-0.0226414
-0.0228534
-0.0230653
-0.023277
-0.0234885
-0.0236999
-0.0239111
-0.0241222
-0.0243331
-0.0245438
-0.0247544
-0.0249648
-0.0251751
-0.0253852
-0.0255951
-0.0258049
-0.0260145
-0.0262239
-0.0264332
-0.0266423
-0.0268513
-0.0270601
-0.0272687
-0.0274772
-0.0276855
-0.0278936
-0.0281015
-0.0283093
-0.028517
-0.0287244
-0.0289317
-0.0291389
-0.0293458
-0.0295526
-0.0297592
-0.0299657
-0.0301719
-0.0303781
-0.030584
-0.0307898
-0.0309954
-0.0312008
-0.031406
-0.0316111
-0.031816
-0.0320207
-0.0322253
-0.0324297
-0.0326339
-0.0328379
-0.0330418
-0.0332454
-0.0334489
-0.0336522
-0.0338554
-0.0340583
-0.0342611
-0.0344637
-0.0346662
-0.0348684
-0.0350705
-0.0352723
-0.035474
-0.0356755
-0.0358769
-0.036078
-0.036279
-0.0364797
-0.0366803
-0.0368807
-0.037081
-0.037281
-0.0374808
-0.0376805
-0.0378799
-0.0380792
-0.0382783
-0.0384772
-0.0386759
-0.0388744
-0.0390727
-0.0392708
-0.0394687
-0.0396664
-0.0398639
-0.0400613
-0.0402584
-0.0404553
-0.0406521
-0.0408486
-0.0410449
-0.0412411
-0.041437
-0.0416327
-0.0418283
-0.0420236
-0.0422187
-0.0424136
-0.0426083
-0.0428028
-0.0429971
-0.0431911
-0.043385
-0.0435786
-0.0437721
-0.0439653
-0.0441583
-0.0443511
-0.0445437
-0.044736
-0.0449282
-0.0451201
-0.0453118
-0.0455033
-0.0456945
-0.0458856
-0.0460764
-0.046267
-0.0464573
-0.0466475
-0.0468374
-0.047027
-0.0472165
-0.0474057
-0.0475947
-0.0477834
-0.0479719
-0.0481602
-0.0483482
-0.048536
-0.0487236
-0.0489109
-0.0490979
-0.0492848
-0.0494713
-0.0496577
-0.0498437
-0.0500296
-0.0502151
-0.0504005
-0.0505855
-0.0507704
-0.0509549
-0.0511392
-0.0513233
-0.051507
-0.0516906
-0.0518738
-0.0520568
-0.0522396
-0.052422
-0.0526043
-0.0527867
-0.0529713
-0.0531141
-0.0531033
-0.0531015
-0.0530932
-0.053085
-0.0530768
-0.0530686
-0.0531314
-0.0531089
-0.053088
-0.0530692
-0.0530517
-0.0530355
-0.0530202
-0.0530057
-0.0529918
-0.0529785
-0.0529656
-0.0529532
-0.052941
-0.0529292
-0.0529177
-0.0529063
-0.0528952
-0.0528843
-0.0528735
-0.0528629
-0.0528524
-0.052842
-0.0528318
-0.0528216
-0.0528116
-0.0528016
-0.0527917
-0.0527819
-0.0527722
-0.0527625
-0.0527528
-0.0527433
-0.0527337
-0.0527242
-0.0527148
-0.0527054
-0.052696
-0.0526867
-0.0526774
-0.0526682
-0.0526589
-0.0526497
-0.0526405
-0.0526314
-0.0526223
-0.0526131
-0.0526041
-0.052595
-0.0525859
-0.0525769
-0.0525679
-0.0525589
-0.0525499
-0.0525409
-0.052532
-0.052523
-0.0525141
-0.0525051
-0.0524962
-0.0524873
-0.0524784
-0.052552
-0.0525436
-0.0525351
-0.0525267
-0.0525182
-0.0525098
-0.0525013
-0.0524928
-0.0524844
-0.0524759
-0.0524674
-0.052459
-0.0524505
-0.052442
-0.0524335
-0.052425
-0.0524165
-0.052408
-0.0523995
-0.052391
-0.0523825
-0.052374
-0.0523655
-0.0523569
-0.0523484
-0.0523399
-0.0523314
-0.0523228
-0.0523143
-0.0523057
-0.0522972
-0.0522887
-0.0522801
-0.0522715
-0.052263
-0.0522544
-0.0522459
-0.0522373
-0.0522287
-0.0522201
-0.0522116
-0.052203
-0.0521944
-0.0521858
-0.0521772
-0.0521686
-0.05216
-0.0521514
-0.0521428
-0.0521342
-0.0521256
-0.052117
-0.0521083
-0.0520997
-0.0520911
-0.0520824
-0.0520738
-0.0520652
-0.0520565
-0.0520479
-0.0520392
-0.0520306
-0.0520219
-0.0520133
-0.0520046
-0.0519959
-0.0519872
-0.0519786
-0.0519699
-0.0519612
-0.0519525
-0.0519438
-0.0519351
-0.0519264
-0.0519177
-0.051909
-0.0519003
-0.0518916
-0.0518829
-0.0518742
-0.0518655
-0.0518567
-0.051848
-0.0518393
-0.0518306
-0.0518218
-0.0518131
-0.0518043
-0.0517956
-0.0517868
-0.0517781
-0.0517693
-0.0517605
-0.0517518
-0.051743
-0.0517342
-0.0517255
-0.0517167
-0.0517079
-0.0516991
-0.0516903
-0.0516815
-0.0516727
-0.0516639
-0.0516551
-0.0516463
-0.0516375
-0.0516287
-0.0516198
-0.051611
-0.0516022
-0.0515934
-0.0515845
-0.0515757
-0.0515668
-0.051558
-0.0515491
-0.0515403
-0.0515314
-0.0515226
-0.0515137
-0.0515048
-0.051496
-0.0514871
-0.0514782
-0.0514693
-0.0514605
-0.0514516
-0.0514427
-0.0514338
-0.0514249
-0.051416
-0.0514071
-0.0513982
-0.0513892
-0.0513803
-0.0513714
-0.0513625
-0.0513536
-0.0513446
-0.0513357
-0.0513267
-0.0513178
-0.0513089
-0.0512999
-0.051291
-0.051282
-0.051273
-0.0512641
-0.0512551
-0.0512461
-0.0512372
-0.0512282
-0.0512192
-0.0512102
-0.0512012
-0.0511922
-0.0511832
-0.0511742
-0.0511652
-0.0511562
-0.0511472
-0.0511382
-0.0511292
-0.0511202
-0.0511111
-0.0511021
-0.0510931
-0.051084
-0.051075
-0.051066
-0.0510569
-0.0510479
-0.0510388
-0.0510298
-0.0510207
-0.0510116
-0.0510026
-0.0509935
-0.0509844
-0.0509753
-0.0509663
-0.0509572
-0.0509481
-0.050939
-0.0509299
-0.0509208
-0.0509117
-0.0509026
-0.0508935
-0.0508844
-0.0508752
-0.0508661
-0.050857
-0.0508479
-0.0508387
-0.0508296
-0.0508205
-0.0508113
-0.0508022
-0.050793
-0.0507839
-0.0507747
-0.0507655
-0.0507564
-0.0507472
-0.050738
-0.0507289
-0.0507197
-0.0507105
-0.0507013
-0.0506921
-0.0506829
-0.0506737
-0.0506645
-0.0506553
-0.0506461
-0.0506369
-0.0506277
-0.0506185
-0.0506092
-0.0506
-0.0505908
-0.0505815
-0.0505723
-0.0505631
-0.0505538
-0.0505446
-0.0505353
-0.0505261
-0.0505168
-0.0505075
-0.0504983
-0.050489
-0.0504797
-0.0504704
-0.0504612
-0.0504519
-0.0504426
-0.0504333
-0.050424
-0.0504147
-0.0504054
-0.0503961
-0.0503868
-0.0503775
-0.0503682
-0.0503588
-0.0503495
-0.0503402
-0.0503308
-0.0503215
-0.0503122
-0.0503028
-0.0502935
-0.0502841
-0.0502748
-0.0502654
-0.0502561
-0.0502467
-0.0502373
-0.050228
-0.0502186
-0.0502092
-0.0501998
-0.0501904
-0.050181
-0.0501716
-0.0501622
-0.0501528
-0.0501434
-0.050134
-0.0501246
-0.0501152
-0.0501058
-0.0500964
-0.0500869
-0.0500775
-0.0500681
-0.0500586
-0.0500492
-0.0500397
-0.0500303
-0.0500208
-0.0500114
-0.0500019
-0.0499925
-0.049983
-0.0499735
-0.049964
-0.0499546
-0.0499451
-0.0499356
-0.0499261
-0.0499166
-0.0499071
-0.0498976
-0.0498881
-0.0498786
-0.0498691
-0.0498596
-0.0498501
-0.0498405
-0.049831
-0.0498215
-0.049812
-0.0498024
-0.0497929
-0.0497833
-0.0497738
-0.0497642
-0.0497547
-0.0497451
-0.0497356
-0.049726
-0.0497164
-0.0497069
-0.0496973
-0.0496877
-0.0496781
-0.0496685
-0.0496589
-0.0496493
-0.0496397
-0.0496301
-0.0496205
-0.0496109
-0.0496013
-0.0495917
-0.0495821
-0.0495724
-0.0495628
-0.0495532
-0.0495435
-0.0495339
-0.0495243
-0.0495146
-0.049505
-0.0494953
-0.0494857
-0.049476
-0.0494663
-0.0494567
-0.049447
-0.0494373
-0.0494276
-0.0494179
-0.0494083
-0.0493986
-0.0493889
-0.0493792
-0.0493695
-0.0493598
-0.0493501
-0.0493403
-0.0493306
-0.0493209
-0.0493112
-0.0493015
-0.0492917
-0.049282
-0.0492722
-0.0492625
-0.0492528
-0.049243
-0.0492333
-0.0492235
-0.0492137
-0.049204
-0.0491942
-0.0491844
-0.0491747
-0.0491649
-0.0491551
-0.0491453
-0.0491355
-0.0491257
-0.0491159
-0.0491061
-0.0490963
-0.0490865
-0.0490767
-0.0490669
-0.0490571
-0.0490472
-0.0490374
-0.0490276
-0.0490177
-0.0490079
-0.0489981
-0.0489882
-0.0489784
-0.0489685
-0.0489586
-0.0489488
-0.0489389
-0.048929
-0.0489192
-0.0489093
-0.0488994
-0.0488895
-0.0488797
-0.0488698
-0.0488599
-0.04885
-0.0488401
-0.0488302
-0.0488203
-0.0488103
-0.0488004
-0.0487905
-0.0487806
-0.0487707
-0.0487607
-0.0487508
-0.0487408
-0.0487309
-0.048721
-0.048711
-0.0487011
-0.0486911
-0.0486811
-0.0486712
-0.0486612
-0.0486512
-0.0486413
-0.0486313
-0.0486213
-0.0486113
-0.0486013
-0.0485913
-0.0485813
-0.0485713
-0.0485613
-0.0485513
-0.0485413
-0.0485313
-0.0485212
-0.0485112
-0.0485012
-0.0484912
-0.0484811
-0.0484711
-0.048461
-0.048451
-0.0484409
-0.0484309
-0.0484208
-0.0484108
-0.0484007
-0.0483906
-0.0483806
-0.0483705
-0.0483604
-0.0483503
-0.0483402
-0.0483301
-0.0483201
-0.04831
-0.0482998
-0.0482897
-0.0482796
-0.0482695
-0.0482594
-0.0482493
-0.0482392
-0.048229
-0.0482189
-0.0482088
-0.0481986
-0.0481885
-0.0481783
-0.0481682
-0.048158
-0.0481479
-0.0481377
-0.0481275
-0.0481174
-0.0481072
-0.048097
-0.0480868
-0.0480766
-0.0480665
-0.0480563
-0.0480461
-0.0480359
-0.0480257
-0.0480155
-0.0480052
-0.047995
-0.0479848
-0.0479746
-0.0479644
-0.0479541
-0.0479439
-0.0479337
-0.0479234
-0.0479132
-0.0479029
-0.0478927
-0.0478824
-0.0478722
-0.0478619
-0.0478516
-0.0478414
-0.0478311
-0.0478208
-0.0478105
-0.0478002
-0.0477899
-0.0477797
-0.0477694
-0.0477591
-0.0477488
-0.0477384
-0.0477281
-0.0477178
-0.0477075
-0.0476972
-0.0476868
-0.0476765
-0.0476662
-0.0476558
-0.0476455
-0.0476352
-0.0476248
-0.0476144
-0.0476041
-0.0475937
-0.0475834
-0.047573
-0.0475626
-0.0475522
-0.0475419
-0.0475315
-0.0475211
-0.0475107
-0.0475003
-0.0474899
-0.0474795
-0.0474691
-0.0474587
-0.0474483
-0.0474379
-0.0474274
-0.047417
-0.0474066
-0.0473962
-0.0473857
-0.0473753
-0.0473648
-0.0473544
-0.0473439
-0.0473335
-0.047323
-0.0473126
-0.0473021
-0.0472916
-0.0472812
-0.0472707
-0.0472602
-0.0472497
-0.0472392
-0.0472287
-0.0472182
-0.0472077
-0.0471972
-0.0471867
-0.0471762
-0.0471657
-0.0471552
-0.0471446
-0.0471341
-0.0471236
-0.0471131
-0.0471025
-0.047092
-0.0470814
-0.0470709
-0.0470603
-0.0470498
-0.0470392
-0.0470286
-0.0470181
-0.0470075
-0.0469969
-0.0469864
-0.0469758
-0.0469652
-0.0469546
-0.046944
-0.0469334
-0.0469228
-0.0469122
-0.0469016
-0.046891
-0.0468804
-0.0468697
-0.0468591
-0.0468485
-0.0468378
-0.0468272
-0.0468166
-0.0468059
-0.0467953
-0.0467846
-0.046774
-0.0467633
-0.0467527
-0.046742
-0.0467313
-0.0467206
-0.04671
-0.0466993
-0.0466886
-0.0466779
-0.0466672
-0.0466565
-0.0466458
-0.0466351
-0.0466244
-0.0466137
-0.046603
-0.0465923
-0.0465815
-0.0465708
-0.0465601
-0.0465493
-0.0465386
-0.0465279
-0.0465171
-0.0465064
-0.0464956
-0.0464849
-0.0464741
-0.0464633
-0.0464526
-0.0464418
-0.046431
-0.0464202
-0.0464095
-0.0463987
-0.0463879
-0.0463771
-0.0463663
-0.0463555
-0.0463447
-0.0463339
-0.0463231
-0.0463122
-0.0463014
-0.0462906
-0.0462798
-0.0462689
-0.0462581
-0.0462472
-0.0462364
-0.0462256
-0.0462147
-0.0462038
-0.046193
-0.0461821
-0.0461713
-0.0461604
-0.0461495
-0.0461386
-0.0461278
-0.0461169
-0.046106
-0.0460951
-0.0460842
-0.0460733
-0.0460624
-0.0460515
-0.0460406
-0.0460296
-0.0460187
-0.0460078
-0.0459969
-0.0459859
-0.045975
-0.0459641
-0.0459531
-0.0459422
-0.0459312
-0.0459203
-0.0459093
-0.0458984
-0.0458874
-0.0458764
-0.0458654
-0.0458545
-0.0458435
-0.0458325
-0.0458215
-0.0458105
-0.0457995
-0.0457885
-0.0457775
-0.0457665
-0.0457555
-0.0457445
-0.0457335
-0.0457224
-0.0457114
-0.0457004
-0.0456894
-0.0456783
-0.0456673
-0.0456562
-0.0456452
-0.0456341
-0.0456231
-0.045612
-0.0456009
-0.0455899
-0.0455788
-0.0455677
-0.0455566
-0.0455456
-0.0455345
-0.0455234
-0.0455123
-0.0455012
-0.0454901
-0.045479
-0.0454679
-0.0454568
-0.0454456
-0.0454345
-0.0454234
-0.0454123
-0.0454011
-0.04539
-0.0453789
-0.0453677
-0.0453566
-0.0453454
-0.0453343
-0.0453231
-0.0453119
-0.0453008
-0.0452896
-0.0452784
-0.0452672
-0.0452561
-0.0452449
-0.0452337
-0.0452225
-0.0452113
-0.0452001
-0.0451889
-0.0451777
-0.0451665
-0.0451552
-0.045144
-0.0451328
-0.0451216
-0.0451103
-0.0450991
-0.0450879
-0.0450766
-0.0450654
-0.0450541
-0.0450429
-0.0450316
-0.0450203
-0.0450091
-0.0449978
-0.0449865
-0.0449752
-0.044964
-0.0449527
-0.0449414
-0.0449301
-0.0449188
-0.0449075
-0.0448962
-0.0448849
-0.0448736
-0.0448623
-0.0448509
-0.0448396
-0.0448283
-0.044817
-0.0448056
-0.0447943
-0.0447829
-0.0447716
-0.0447602
-0.0447489
-0.0447375
-0.0447262
-0.0447148
-0.0447034
-0.0446921
-0.0446807
-0.0446693
-0.0446579
-0.0446465
-0.0446351
-0.0446237
-0.0446123
-0.0446009
-0.0445895
-0.0445781
-0.0445667
-0.0445553
-0.0445439
-0.0445324
-0.044521
-0.0445096
-0.0444981
-0.0444867
-0.0444752
-0.0444638
-0.0444523
-0.0444409
-0.0444294
-0.044418
-0.0444065
-0.044395
-0.0443835
-0.0443721
-0.0443606
-0.0443491
-0.0443376
-0.0443261
-0.0443146
-0.0443031
-0.0442916
-0.0442801
-0.0442686
-0.044257
-0.0442455
-0.044234
-0.0442225
-0.0442109
-0.0441994
-0.0441878
-0.0441763
-0.0441648
-0.0441532
-0.0441416
-0.0441301
-0.0441185
-0.0441069
-0.0440954
-0.0440838
-0.0440722
-0.0440606
-0.0440491
-0.0440375
-0.0440259
-0.0440143
-0.0440027
-0.0439911
-0.0439794
-0.0439678
-0.0439562
-0.0439446
-0.043933
-0.0439213
-0.0439097
-0.0438981
-0.0438864
-0.0438748
-0.0438631
-0.0438515
-0.0438398
-0.0438282
-0.0438165
-0.0438048
-0.0437932
-0.0437815
-0.0437698
-0.0437581
-0.0437464
-0.0437347
-0.043723
-0.0437114
-0.0436996
-0.0436879
-0.0436762
-0.0436645
-0.0436528
-0.0436411
-0.0436294
-0.0436176
-0.0436059
-0.0435942
-0.0435824
-0.0435707
-0.0435589
-0.0435472
-0.0435354
-0.0435237
-0.0435119
-0.0435001
-0.0434884
-0.0434766
-0.0434648
-0.043453
-0.0434412
-0.0434294
-0.0434176
-0.0434058
-0.043394
-0.0433822
-0.0433704
-0.0433586
-0.0433468
-0.043335
-0.0433232
-0.0433113
-0.0432995
-0.0432877
-0.0432758
-0.043264
-0.0432521
-0.0432403
-0.0432284
-0.0432166
-0.0432047
-0.0431928
-0.043181
-0.0431691
-0.0431572
-0.0431453
-0.0431334
-0.0431216
-0.0431097
-0.0430978
-0.0430859
-0.043074
-0.043062
-0.0430501
-0.0430382
-0.0430263
-0.0430144
-0.0430024
-0.0429905
-0.0429786
-0.0429666
-0.0429547
-0.0429427
-0.0429308
-0.0429188
-0.0429069
-0.0428949
-0.042883
-0.042871
-0.042859
-0.042847
-0.042835
-0.0428231
-0.0428111
-0.0427991
-0.0427871
-0.0427751
-0.0427631
-0.0427511
-0.0427391
-0.042727
-0.042715
-0.042703
-0.042691
-0.0426789
-0.0426669
-0.0426549
-0.0426428
-0.0426308
-0.0426187
-0.0426067
-0.0425946
-0.0425825
-0.0425705
-0.0425584
-0.0425463
-0.0425343
-0.0425222
-0.0425101
-0.042498
-0.0424859
-0.0424738
-0.0424617
-0.0424496
-0.0424375
-0.0424254
-0.0424133
-0.0424012
-0.042389
-0.0423769
-0.0423648
-0.0423526
-0.0423405
-0.0423284
-0.0423162
-0.0423041
-0.0422919
-0.0422798
-0.0422676
-0.0422554
-0.0422433
-0.0422311
-0.0422189
-0.0422067
-0.0421945
-0.0421823
-0.0421702
-0.042158
-0.0421458
-0.0421336
-0.0421214
-0.0421091
-0.0420969
-0.0420847
-0.0420725
-0.0420603
-0.042048
-0.0420358
-0.0420236
-0.0420113
-0.0419991
-0.0419868
-0.0419746
-0.0419623
-0.04195
-0.0419378
-0.0419255
-0.0419132
-0.041901
-0.0418887
-0.0418764
-0.0418641
-0.0418518
-0.0418395
-0.0418272
-0.0418149
-0.0418026
-0.0417903
-0.041778
-0.0417657
-0.0417533
-0.041741
-0.0417287
-0.0417164
-0.041704
-0.0416917
-0.0416793
-0.041667
-0.0416546
-0.0416423
-0.0416299
-0.0416175
-0.0416052
-0.0415928
-0.0415804
-0.041568
-0.0415557
-0.0415433
-0.0415309
-0.0415185
-0.0415061
-0.0414937
-0.0414813
-0.0414689
-0.0413751
-0.0413629
-0.0413505
-0.0413381
-0.0413257
-0.0413133
-0.0413008
-0.0412884
-0.041276
-0.0412636
-0.0412511
-0.0412387
-0.0412263
-0.0412138
-0.0412014
-0.0411889
-0.0411765
-0.041164
-0.0411516
-0.0411391
-0.0411266
-0.0411142
-0.0411017
-0.0410892
-0.0410767
-0.0410642
-0.0410518
-0.0410393
-0.0410268
-0.0410143
-0.0410018
-0.0409892
-0.0409767
-0.0409642
-0.0409517
-0.0409392
-0.0409266
-0.0409141
-0.0409016
-0.040889
-0.0408765
-0.0408639
-0.0408514
-0.0408388
-0.0408263
-0.0408137
-0.0408011
-0.0407886
-0.040776
-0.0407634
-0.0407508
-0.0407382
-0.0407257
-0.0407131
-0.0407005
-0.0406879
-0.0406753
-0.0406626
-0.04065
-0.0406374
-0.0406248
-0.0406122
-0.0405995
-0.0405869
-0.0405743
-0.0405616
-0.040549
-0.0405363
-0.0405237
-0.040511
-0.0404984
-0.0404857
-0.040473
-0.0404604
-0.0404477
-0.040435
-0.0404223
-0.0404097
-0.040397
-0.0403843
-0.0403716
-0.0403589
-0.0403462
-0.0403335
-0.0403207
-0.040308
-0.0402953
-0.0402826
-0.0402699
-0.0402571
-0.0402444
-0.0402316
-0.0402189
-0.0402062
-0.0401934
-0.0401807
-0.0401679
-0.0401551
-0.0401424
-0.0401296
-0.0401168
-0.040104
-0.0400913
-0.0400785
-0.0400657
-0.0400529
-0.0400401
-0.0400273
-0.0400145
-0.0400017
-0.0399889
-0.0399761
-0.0399632
-0.0399504
-0.0399376
-0.0399248
-0.0399119
-0.0398991
-0.0398862
-0.0398734
-0.0398605
-0.0398477
-0.0398348
-0.039822
-0.0398091
-0.0397962
-0.0397834
-0.0397705
-0.0397576
-0.0397447
-0.0397318
-0.0397189
-0.0397061
-0.0396932
-0.0396802
-0.0396673
-0.0396544
-0.0396415
-0.0396286
-0.0396157
-0.0396027
-0.0395898
-0.0395769
-0.0395639
-0.039551
-0.0395381
-0.0395251
-0.0395122
-0.0394992
-0.0394862
-0.0394733
-0.0394603
-0.0394473
-0.0394344
-0.0394214
-0.0394084
-0.0393954
-0.0393824
-0.0393694
-0.0393564
-0.0393434
-0.0393304
-0.0393174
-0.0393044
-0.0392914
-0.0392784
-0.0392653
-0.0392523
-0.0392393
-0.0392262
-0.0392132
-0.0392001
-0.0391871
-0.039174
-0.039161
-0.0391479
-0.0391349
-0.0391218
-0.0391087
-0.0390957
-0.0390826
-0.0390695
-0.0390564
-0.0390433
-0.0390302
-0.0390171
-0.039004
-0.0389909
-0.0389778
-0.0389647
-0.0389516
-0.0389385
-0.0389253
-0.0389122
-0.0388991
-0.038886
-0.0388728
-0.0388597
-0.0388465
-0.0388334
-0.0388202
-0.0388071
-0.0387939
-0.0387807
-0.0387676
-0.0387544
-0.0387412
-0.038728
-0.0387148
-0.0387017
-0.0386885
-0.0386753
-0.0386621
-0.0386489
-0.0386357
-0.0386224
-0.0386092
-0.038596
-0.0385828
-0.0385696
-0.0385563
-0.0385431
-0.0385299
-0.0385166
-0.0385034
-0.0384901
-0.0384769
-0.0384636
-0.0384504
-0.0384371
-0.0384238
-0.0384106
-0.0383973
-0.038384
-0.0383707
-0.0383574
-0.0383441
-0.0383308
-0.0383176
-0.0383042
-0.0382909
-0.0382776
-0.0382643
-0.038251
-0.0382377
-0.0382244
-0.038211
-0.0381977
-0.0381844
-0.038171
-0.0381577
-0.0381443
-0.038131
-0.0381176
-0.0381043
-0.0380909
-0.0380775
-0.0380642
-0.0380508
-0.0380374
-0.038024
-0.0380107
-0.0379973
-0.0379839
-0.0379705
-0.0379571
-0.0379437
-0.0379303
-0.0379169
-0.0379034
-0.03789
-0.0378766
-0.0378632
-0.0378497
-0.0378363
-0.0378229
-0.0378094
-0.037796
-0.0377825
-0.0377691
-0.0377556
-0.0377422
-0.0377287
-0.0377152
-0.0377018
-0.0376883
-0.0376748
-0.0376613
-0.0376478
-0.0376344
-0.0376209
-0.0376074
-0.0375939
-0.0375804
-0.0375668
-0.0375533
-0.0375398
-0.0375263
-0.0375128
-0.0374992
-0.0374857
-0.0374722
-0.0374586
-0.0374451
-0.0374315
-0.037418
-0.0374044
-0.0373909
-0.0373773
-0.0373638
-0.0373502
-0.0373366
-0.037323
-0.0373095
-0.0372959
-0.0372823
-0.0372687
-0.0372551
-0.0372415
-0.0372279
-0.0372143
-0.0372007
-0.0371871
-0.0371735
-0.0371598
-0.0371462
-0.0371326
-0.0371189
-0.0371053
-0.0370917
-0.037078
-0.0370644
-0.0370507
-0.0370371
-0.0370234
-0.0370097
-0.0369961
-0.0369824
-0.0369687
-0.0369551
-0.0369414
-0.0369277
-0.036914
-0.0369003
-0.0368866
-0.0368729
-0.0368592
-0.0368455
-0.0368318
-0.0368181
-0.0368044
-0.0367906
-0.0367769
-0.0367632
-0.0367494
-0.0367357
-0.036722
-0.0367082
-0.0366945
-0.0366807
-0.036667
-0.0366532
-0.0366394
-0.0366257
-0.0366119
-0.0365981
-0.0365844
-0.0365706
-0.0365568
-0.036543
-0.0365292
-0.0365154
-0.0365016
-0.0364878
-0.036474
-0.0364602
-0.0364464
-0.0364325
-0.0364187
-0.0364049
-0.0363911
-0.0363772
-0.0363634
-0.0363496
-0.0363357
-0.0363219
-0.036308
-0.0362942
-0.0362803
-0.0362664
-0.0362526
-0.0362387
-0.0362248
-0.0362109
-0.0361971
-0.0361832
-0.0361693
-0.0361554
-0.0361415
-0.0361276
-0.0361137
-0.0360998
-0.0360859
-0.0360719
-0.036058
-0.0360441
-0.0360302
-0.0360162
-0.0360023
-0.0359884
-0.0359744
-0.0359605
-0.0359465
-0.0359326
-0.0359186
-0.0359047
-0.0358907
-0.0358767
-0.0358628
-0.0358488
-0.0358348
-0.0358208
-0.0358068
-0.0357929
-0.0357789
-0.0357649
-0.0357509
-0.0357369
-0.0357229
-0.0357088
-0.0356948
-0.0356808
-0.0356668
-0.0356528
-0.0356387
-0.0356247
-0.0356107
-0.0355966
-0.0355826
-0.0355685
-0.0355545
-0.0355404
-0.0355264
-0.0355123
-0.0354982
-0.0354842
-0.0354701
-0.035456
-0.0354419
-0.0354278
-0.0354137
-0.0353997
-0.0353856
-0.0353715
-0.0353574
-0.0353432
-0.0353291
-0.035315
-0.0353009
-0.0352868
-0.0352727
-0.0352585
-0.0352444
-0.0352303
-0.0352161
-0.035202
-0.0351878
-0.0351737
-0.0351595
-0.0351454
-0.0351312
-0.035117
-0.0351029
-0.0350887
-0.0350745
-0.0350603
-0.0350461
-0.035032
-0.0350178
-0.0350036
-0.0349894
-0.0349752
-0.034961
-0.0349467
-0.0349325
-0.0349183
-0.0349041
-0.0348899
-0.0348756
-0.0348614
-0.0348472
-0.0348329
-0.0348187
-0.0348044
-0.0347902
-0.0347759
-0.0347617
-0.0347474
-0.0347332
-0.0347189
-0.0347046
-0.0346903
-0.0346761
-0.0346618
-0.0346475
-0.0346332
-0.0346189
-0.0346046
-0.0345903
-0.034576
-0.0345617
-0.0345474
-0.0345331
-0.0345188
-0.0345044
-0.0344901
-0.0344758
-0.0344614
-0.0344471
-0.0344328
-0.0344184
-0.0344041
-0.0343897
-0.0343754
-0.034361
-0.0343466
-0.0343323
-0.0343179
-0.0343035
-0.0342891
-0.0342748
-0.0342604
-0.034246
-0.0342316
-0.0342172
-0.0342028
-0.0341884
-0.034174
-0.0341596
-0.0341452
-0.0341308
-0.0341163
-0.0341019
-0.0340875
-0.034073
-0.0340586
-0.0340442
-0.0340297
-0.0340153
-0.0340008
-0.0339864
-0.0339719
-0.0339575
-0.033943
-0.0339285
-0.0339141
-0.0338996
-0.0338851
-0.0338706
-0.0338561
-0.0338417
-0.0338272
-0.0338127
-0.0337982
-0.0337837
-0.0337691
-0.0337546
-0.0337401
-0.0337256
-0.0337111
-0.0336966
-0.033682
-0.0336675
-0.033653
-0.0336384
-0.0336239
-0.0336093
-0.0335948
-0.0335802
-0.0335657
-0.0335511
-0.0335365
-0.033522
-0.0335074
-0.0334928
-0.0334782
-0.0334637
-0.0334491
-0.0334345
-0.0334199
-0.0334053
-0.0333907
-0.0333761
-0.0333615
-0.0333469
-0.0333323
-0.0333176
-0.033303
-0.0332884
-0.0332738
-0.0332591
-0.0332445
-0.0332298
-0.0332152
-0.0332006
-0.0331859
-0.0331713
-0.0331566
-0.0331419
-0.0331273
-0.0331126
-0.0330979
-0.0330833
-0.0330686
-0.0330539
-0.0330392
-0.0330245
-0.0330098
-0.0329951
-0.0329804
-0.0329657
-0.032951
-0.0329363
-0.0329216
-0.0329069
-0.0328921
-0.0328774
-0.0328627
-0.032848
-0.0328332
-0.0328185
-0.0328037
-0.032789
-0.0327742
-0.0327595
-0.0327447
-0.03273
-0.0327152
-0.0327004
-0.0326857
-0.0326709
-0.0326561
-0.0326413
-0.0326265
-0.0326117
-0.032597
-0.0325822
-0.0325674
-0.0325526
-0.0325378
-0.0325229
-0.0325081
-0.0324933
-0.0324785
-0.0324637
-0.0324488
-0.032434
-0.0324192
-0.0324043
-0.0323895
-0.0323746
-0.0323598
-0.0323449
-0.0323301
-0.0323152
-0.0323004
-0.0322855
-0.0322706
-0.0322557
-0.0322409
-0.032226
-0.0322111
-0.0321962
-0.0321813
-0.0321664
-0.0321515
-0.0321366
-0.0321217
-0.0321068
-0.0320919
-0.032077
-0.0320621
-0.0320471
-0.0320322
-0.0320173
-0.0320024
-0.0319874
-0.0319725
-0.0319575
-0.0319426
-0.0319276
-0.0319127
-0.0318977
-0.0318828
-0.0318678
-0.0318528
-0.0318379
-0.0318229
-0.0318079
-0.0317929
-0.0317779
-0.0317629
-0.0317479
-0.0317329
-0.0317179
-0.0317029
-0.0316879
-0.0316729
-0.0316579
-0.0316429
-0.0316279
-0.0316129
-0.0315978
-0.0315828
-0.0315678
-0.0315527
-0.0315377
-0.0315226
-0.0315076
-0.0314925
-0.0314775
-0.0314624
-0.0314474
-0.0314323
-0.0314172
-0.0314021
-0.0313871
-0.031372
-0.0313569
-0.0313418
-0.0313267
-0.0313116
-0.0312965
-0.0312814
-0.0312663
-0.0312512
-0.0312361
-0.031221
-0.0312059
-0.0311908
-0.0311756
-0.0311605
-0.0311454
-0.0311302
-0.0311151
-0.0311
-0.0310848
-0.0310697
-0.0310545
-0.0310394
-0.0310242
-0.031009
-0.0309939
-0.0309787
-0.0309635
-0.0309484
-0.0309332
-0.030918
-0.0309028
-0.0308876
-0.0308724
-0.0308572
-0.030842
-0.0308268
-0.0308116
-0.0307964
-0.0307812
-0.030766
-0.0307507
-0.0307355
-0.0307203
-0.0307051
-0.0306898
-0.0306746
-0.0306593
-0.0306441
-0.0306289
-0.0306136
-0.0305983
-0.0305831
-0.0305678
-0.0305526
-0.0305373
-0.030522
-0.0305067
-0.0304915
-0.0304762
-0.0304609
-0.0304456
-0.0304303
-0.030415
-0.0303997
-0.0303844
-0.0303691
-0.0303538
-0.0303385
-0.0303232
-0.0303079
-0.0302925
-0.0302772
-0.0302619
-0.0302465
-0.0302312
-0.0302159
-0.0302005
-0.0301852
-0.0301698
-0.0301545
-0.0301391
-0.0301237
-0.0301084
-0.030093
-0.0300776
-0.0300623
-0.0300469
-0.0300315
-0.0300161
-0.0300007
-0.0299854
-0.02997
-0.0299546
-0.0299392
-0.0299238
-0.0299083
-0.0298929
-0.0298775
-0.0298621
-0.0298467
-0.0298313
-0.0298158
-0.0298004
-0.029785
-0.0297695
-0.0297541
-0.0297386
-0.0297232
-0.0297077
-0.0296923
-0.0296768
-0.0296614
-0.0296459
-0.0296304
-0.029615
-0.0295995
-0.029584
-0.0295685
-0.029553
-0.0295376
-0.0295221
-0.0295066
-0.0294911
-0.0294756
-0.0294601
-0.0294446
-0.029429
-0.0294135
-0.029398
-0.0293825
-0.029367
-0.0293514
-0.0293359
-0.0293204
-0.0293048
-0.0292893
-0.0292737
-0.0292582
-0.0292426
-0.0292271
-0.0292115
-0.029196
-0.0291804
-0.0291648
-0.0291493
-0.0291337
-0.0291181
-0.0291025
-0.0290869
-0.0290714
-0.0290558
-0.0290402
-0.0290246
-0.029009
-0.0289934
-0.0289778
-0.0289622
-0.0289465
-0.0289309
-0.0289153
-0.0288997
-0.028884
-0.0288684
-0.0288528
-0.0288371
-0.0288215
-0.0288059
-0.0287902
-0.0287746
-0.0287589
-0.0287433
-0.0287276
-0.0287119
-0.0286963
-0.0286806
-0.0286649
-0.0286492
-0.0286336
-0.0286179
-0.0286022
-0.0285865
-0.0285708
-0.0285551
-0.0285394
-0.0285237
-0.028508
-0.0284923
-0.0284766
-0.0284609
-0.0284451
-0.0284294
-0.0284137
-0.028398
-0.0283822
-0.0283665
-0.0283508
-0.028335
-0.0283193
-0.0283035
-0.0282878
-0.028272
-0.0282563
-0.0282405
-0.0282247
-0.028209
-0.0281932
-0.0281774
-0.0281616
-0.0281459
-0.0281301
-0.0281143
-0.0280985
-0.0280827
-0.0280669
-0.0280511
-0.0280353
-0.0280195
-0.0280037
-0.0279879
-0.0279721
-0.0279562
-0.0279404
-0.0279246
-0.0279088
-0.0278929
-0.0278771
-0.0278612
-0.0278454
-0.0278296
-0.0278137
-0.0277979
-0.027782
-0.0277661
-0.0277503
-0.0277344
-0.0277186
-0.0277027
-0.0276868
-0.0276709
-0.027655
-0.0276392
-0.0276233
-0.0276074
-0.0275915
-0.0275756
-0.0275597
-0.0275438
-0.0275279
-0.027512
-0.0274961
-0.0274801
-0.0274642
-0.0274483
-0.0274324
-0.0274165
-0.0274005
-0.0273846
-0.0273686
-0.0273527
-0.0273368
-0.0273208
-0.0273049
-0.0272889
-0.027273
-0.027257
-0.027241
-0.0272251
-0.0272091
-0.0271931
-0.0271771
-0.0271612
-0.0271452
-0.0271292
-0.0271132
-0.0270972
-0.0270812
-0.0270652
-0.0270492
-0.0270332
-0.0270172
-0.0270012
-0.0269852
-0.0269692
-0.0269531
-0.0269371
-0.0269211
-0.0269051
-0.026889
-0.026873
-0.026857
-0.0268409
-0.0268249
-0.0268088
-0.0267928
-0.0267767
-0.0267607
-0.0267446
-0.0267285
-0.0267125
-0.0266964
-0.0266803
-0.0266642
-0.0266482
-0.0266321
-0.026616
-0.0265999
-0.0265838
-0.0265677
-0.0265516
-0.0265355
-0.0265194
-0.0265033
-0.0264872
-0.0264711
-0.026455
-0.0264388
-0.0264227
-0.0264066
-0.0263905
-0.0263743
-0.0263582
-0.026342
-0.0263259
-0.0263098
-0.0262936
-0.0262775
-0.0262613
-0.0262451
-0.026229
-0.0262128
-0.0261967
-0.0261805
-0.0261643
-0.0261481
-0.026132
-0.0261158
-0.0260996
-0.0260834
-0.0260672
-0.026051
-0.0260348
-0.0260186
-0.0260024
-0.0259862
-0.02597
-0.0259538
-0.0259376
-0.0259214
-0.0259051
-0.0258889
-0.0258727
-0.0258564
-0.0258402
-0.025824
-0.0258077
-0.0257915
-0.0257752
-0.025759
-0.0257427
-0.0257265
-0.0257102
-0.025694
-0.0256777
-0.0256614
-0.0256452
-0.0256289
-0.0256126
-0.0255963
-0.0255801
-0.0255638
-0.0255475
-0.0255312
-0.0255149
-0.0254986
-0.0254823
-0.025466
-0.0254497
-0.0254334
-0.0254171
-0.0254007
-0.0253844
-0.0253681
-0.0253518
-0.0253354
-0.0253191
-0.0253028
-0.0252864
-0.0252701
-0.0252538
-0.0252374
-0.0252211
-0.0252047
-0.0251884
-0.025172
-0.0251556
-0.0251393
-0.0251229
-0.0251065
-0.0250902
-0.0250738
-0.0250574
-0.025041
-0.0250246
-0.0250083
-0.0249919
-0.0249755
-0.0249591
-0.0249427
-0.0249263
-0.0249099
-0.0248935
-0.024877
-0.0248606
-0.0248442
-0.0248278
-0.0248114
-0.0247949
-0.0247785
-0.0247621
-0.0247456
-0.0247292
-0.0247128
-0.0246963
-0.0246799
-0.0246634
-0.024647
-0.0246305
-0.024614
-0.0245976
-0.0245811
-0.0245647
-0.0245482
-0.0245317
-0.0245152
-0.0244988
-0.0244823
-0.0244658
-0.0244493
-0.0244328
-0.0244163
-0.0243998
-0.0243833
-0.0243668
-0.0243503
-0.0243338
-0.0243173
-0.0243008
-0.0242842
-0.0242677
-0.0242512
-0.0242347
-0.0242181
-0.0242016
-0.0241851
-0.0241685
-0.024152
-0.0241355
-0.0241189
-0.0241024
-0.0240858
-0.0240693
-0.0240527
-0.0240361
-0.0240196
-0.024003
-0.0239864
-0.0239699
-0.0239533
-0.0239367
-0.0239201
-0.0239035
-0.023887
-0.0238704
-0.0238538
-0.0238372
-0.0238206
-0.023804
-0.0237874
-0.0237708
-0.0237541
-0.0237375
-0.0237209
-0.0237043
-0.0236877
-0.0236711
-0.0236544
-0.0236378
-0.0236212
-0.0236045
-0.0235879
-0.0235712
-0.0235546
-0.023538
-0.0235213
-0.0235047
-0.023488
-0.0234713
-0.0234547
-0.023438
-0.0234213
-0.0234047
-0.023388
-0.0233713
-0.0233546
-0.023338
-0.0233213
-0.0233046
-0.0232879
-0.0232712
-0.0232545
-0.0232378
-0.0232211
-0.0232044
-0.0231877
-0.023171
-0.0231543
-0.0231376
-0.0231208
-0.0231041
-0.0230874
-0.0230707
-0.0230539
-0.0230372
-0.0230205
-0.0230037
-0.022987
-0.0229703
-0.0229535
-0.0229368
-0.02292
-0.0229033
-0.0228865
-0.0228697
-0.022853
-0.0228362
-0.0228194
-0.0228027
-0.0227859
-0.0227691
-0.0227523
-0.0227356
-0.0227188
-0.022702
-0.0226852
-0.0226684
-0.0226516
-0.0226348
-0.022618
-0.0226012
-0.0225844
-0.0225676
-0.0225508
-0.022534
-0.0225171
-0.0225003
-0.0224835
-0.0224667
-0.0224498
-0.022433
-0.0224162
-0.0223993
-0.0223825
-0.0223657
-0.0223488
-0.022332
-0.0223151
-0.0222983
-0.0222814
-0.0222645
-0.0222477
-0.0222308
-0.0222139
-0.0221971
-0.0221802
-0.0221633
-0.0221465
-0.0221296
-0.0221127
-0.0220958
-0.0220789
-0.022062
-0.0220451
-0.0220282
-0.0220113
-0.0219944
-0.0219775
-0.0219606
-0.0219437
-0.0219268
-0.0219099
-0.021893
-0.021876
-0.0218591
-0.0218422
-0.0218253
-0.0218083
-0.0217914
-0.0217744
-0.0217575
-0.0217406
-0.0217236
-0.0217067
-0.0216897
-0.0216728
-0.0216558
-0.0216389
-0.0216219
-0.0216049
-0.021588
-0.021571
-0.021554
-0.021537
-0.0215201
-0.0215031
-0.0214861
-0.0214691
-0.0214521
-0.0214351
-0.0214181
-0.0214011
-0.0213842
-0.0213671
-0.0213501
-0.0213331
-0.0213161
-0.0212991
-0.0212821
-0.0212651
-0.0212481
-0.021231
-0.021214
-0.021197
-0.02118
-0.0211629
-0.0211459
-0.0211289
-0.0211118
-0.0210948
-0.0210777
-0.0210607
-0.0210436
-0.0210266
-0.0210095
-0.0209925
-0.0209754
-0.0209583
-0.0209413
-0.0209242
-0.0209071
-0.0208901
-0.020873
-0.0208559
-0.0208388
-0.0208217
-0.0208046
-0.0207876
-0.0207705
-0.0207534
-0.0207363
-0.0207192
-0.0207021
-0.020685
-0.0206679
-0.0206507
-0.0206336
-0.0206165
-0.0205994
-0.0205823
-0.0205651
-0.020548
-0.0205309
-0.0205138
-0.0204966
-0.0204795
-0.0204624
-0.0204452
-0.0204281
-0.0204109
-0.0203938
-0.0203766
-0.0203595
-0.0203423
-0.0203252
-0.020308
-0.0202908
-0.0202737
-0.0202565
-0.0202393
-0.0202222
-0.020205
-0.0201878
-0.0201706
-0.0201534
-0.0201362
-0.0201191
-0.0201019
-0.0200847
-0.0200675
-0.0200503
-0.0200331
-0.0200159
-0.0199987
-0.0199815
-0.0199642
-0.019947
-0.0199298
-0.0199126
-0.0198954
-0.0198781
-0.0198609
-0.0198437
-0.0198265
-0.0198092
-0.019792
-0.0197747
-0.0197575
-0.0197403
-0.019723
-0.0197058
-0.0196885
-0.0196713
-0.019654
-0.0196367
-0.0196195
-0.0196022
-0.019585
-0.0195677
-0.0195504
-0.0195331
-0.0195159
-0.0194986
-0.0194813
-0.019464
-0.0194467
-0.0194295
-0.0194122
-0.0193949
-0.0193776
-0.0193603
-0.019343
-0.0193257
-0.0193084
-0.0192911
-0.0192738
-0.0192564
-0.0192391
-0.0192218
-0.0192045
-0.0191872
-0.0191698
-0.0191525
-0.0191352
-0.0191179
-0.0191005
-0.0190832
-0.0190658
-0.0190485
-0.0190312
-0.0190138
-0.0189965
-0.0189791
-0.0189618
-0.0189444
-0.0189271
-0.0189097
-0.0188923
-0.018875
-0.0188576
-0.0188402
-0.0188229
-0.0188055
-0.0187881
-0.0187707
-0.0187533
-0.018736
-0.0187186
-0.0187012
-0.0186838
-0.0186664
-0.018649
-0.0186316
-0.0186142
-0.0185968
-0.0185794
-0.018562
-0.0185446
-0.0185272
-0.0185098
-0.0184923
-0.0184749
-0.0184575
-0.0184401
-0.0184226
-0.0184052
-0.0183878
-0.0183704
-0.0183529
-0.0183355
-0.018318
-0.0183006
-0.0182832
-0.0182657
-0.0182483
-0.0182308
-0.0182134
-0.0181959
-0.0181784
-0.018161
-0.0181435
-0.018126
-0.0181086
-0.0180911
-0.0180736
-0.0180562
-0.0180387
-0.0180212
-0.0180037
-0.0179862
-0.0179688
-0.0179513
-0.0179338
-0.0179163
-0.0178988
-0.0178813
-0.0178638
-0.0178463
-0.0178288
-0.0178113
-0.0177938
-0.0177763
-0.0177587
-0.0177412
-0.0177237
-0.0177062
-0.0176887
-0.0176711
-0.0176536
-0.0176361
-0.0176186
-0.017601
-0.0175835
-0.017566
-0.0175484
-0.0175309
-0.0175133
-0.0174958
-0.0174782
-0.0174607
-0.0174431
-0.0174256
-0.017408
-0.0173905
-0.0173729
-0.0173553
-0.0173378
-0.0173202
-0.0173026
-0.017285
-0.0172675
-0.0172499
-0.0172323
-0.0172147
-0.0171971
-0.0171796
-0.017162
-0.0171444
-0.0171268
-0.0171092
-0.0170916
-0.017074
-0.0170564
-0.0170388
-0.0170212
-0.0170036
-0.016986
-0.0169683
-0.0169507
-0.0169331
-0.0169155
-0.0168979
-0.0168803
-0.0168626
-0.016845
-0.0168274
-0.0168097
-0.0167921
-0.0167745
-0.0167568
-0.0167392
-0.0167215
-0.0167039
-0.0166863
-0.0166686
-0.016651
-0.0166333
-0.0166156
-0.016598
-0.0165803
-0.0165627
-0.016545
-0.0165273
-0.0165097
-0.016492
-0.0164743
-0.0164566
-0.016439
-0.0164213
-0.0164036
-0.0163859
-0.0163682
-0.0163506
-0.0163329
-0.0163152
-0.0162975
-0.0162798
-0.0162621
-0.0162444
-0.0162267
-0.016209
-0.0161913
-0.0161736
-0.0161559
-0.0161381
-0.0161204
-0.0161027
-0.016085
-0.0160673
-0.0160495
-0.0160318
-0.0160141
-0.0159964
-0.0159786
-0.0159609
-0.0159432
-0.0159254
-0.0159077
-0.01589
-0.0158722
-0.0158545
-0.0158367
-0.015819
-0.0158012
-0.0157835
-0.0157657
-0.0157479
-0.0157302
-0.0157124
-0.0156947
-0.0156769
-0.0156591
-0.0156414
-0.0156236
-0.0156058
-0.015588
-0.0155703
-0.0155525
-0.0155347
-0.0155169
-0.0154991
-0.0154813
-0.0154636
-0.0154458
-0.015428
-0.0154102
-0.0153924
-0.0153746
-0.0153568
-0.015339
-0.0153212
-0.0153034
-0.0152855
-0.0152677
-0.0152499
-0.0152321
-0.0152143
-0.0151965
-0.0151786
-0.0151608
-0.015143
-0.0151252
-0.0151073
-0.0150895
-0.0150717
-0.0150538
-0.015036
-0.0150182
-0.0150003
-0.0149825
-0.0149646
-0.0149468
-0.0149289
-0.0149111
-0.0148932
-0.0148754
-0.0148575
-0.0148397
-0.0148218
-0.0148039
-0.0147861
-0.0147682
-0.0147504
-0.0147325
-0.0147146
-0.0146967
-0.0146789
-0.014661
-0.0146431
-0.0146252
-0.0146073
-0.0145895
-0.0145716
-0.0145537
-0.0145358
-0.0145179
-0.0145
-0.0144821
-0.0144642
-0.0144463
-0.0144284
-0.0144105
-0.0143926
-0.0143747
-0.0143568
-0.0143389
-0.014321
-0.014303
-0.0142851
-0.0142672
-0.0142493
-0.0142314
-0.0142134
-0.0141955
-0.0141776
-0.0141597
-0.0141417
-0.0141238
-0.0141059
-0.0140879
-0.01407
-0.014052
-0.0140341
-0.0140161
-0.0139982
-0.0139803
-0.0139623
-0.0139443
-0.0139264
-0.0139084
-0.0138905
-0.0138725
-0.0138546
-0.0138366
-0.0138186
-0.0138007
-0.0137827
-0.0137647
-0.0137468
-0.0137288
-0.0137108
-0.0136928
-0.0136749
-0.0136569
-0.0136389
-0.0136209
-0.0136029
-0.0135849
-0.0135669
-0.013549
-0.013531
-0.013513
-0.013495
-0.013477
-0.013459
-0.013441
-0.013423
-0.013405
-0.013387
-0.0133689
-0.0133509
-0.0133329
-0.0133149
-0.0132969
-0.0132789
-0.0132609
-0.0132428
-0.0132248
-0.0132068
-0.0131888
-0.0131707
-0.0131527
-0.0131347
-0.0131166
-0.0130986
-0.0130806
-0.0130625
-0.0130445
-0.0130264
-0.0130084
-0.0129904
-0.0129723
-0.0129543
-0.0129362
-0.0129182
-0.0129001
-0.0128821
-0.012864
-0.0128459
-0.0128279
-0.0128098
-0.0127918
-0.0127737
-0.0127556
-0.0127375
-0.0127195
-0.0127014
-0.0126833
-0.0126653
-0.0126472
-0.0126291
-0.012611
-0.0125929
-0.0125749
-0.0125568
-0.0125387
-0.0125206
-0.0125025
-0.0124844
-0.0124663
-0.0124482
-0.0124301
-0.012412
-0.0123939
-0.0123758
-0.0123577
-0.0123396
-0.0123215
-0.0123034
-0.0122853
-0.0122672
-0.0122491
-0.012231
-0.0122128
-0.0121947
-0.0121766
-0.0121585
-0.0121404
-0.0121222
-0.0121041
-0.012086
-0.0120679
-0.0120497
-0.0120316
-0.0120135
-0.0119953
-0.0119772
-0.011959
-0.0119409
-0.0119228
-0.0119046
-0.0118865
-0.0118683
-0.0118502
-0.011832
-0.0118139
-0.0117957
-0.0117776
-0.0117594
-0.0117413
-0.0117231
-0.0117049
-0.0116868
-0.0116686
-0.0116504
-0.0116323
-0.0116141
-0.0115959
-0.0115778
-0.0115596
-0.0115414
-0.0115232
-0.0115051
-0.0114869
-0.0114687
-0.0114505
-0.0114323
-0.0114142
-0.011396
-0.0113778
-0.0113596
-0.0113414
-0.0113232
-0.011305
-0.0112868
-0.0112686
-0.0112504
-0.0112322
-0.011214
-0.0111958
-0.0111776
-0.0111594
-0.0111412
-0.011123
-0.0111048
-0.0110866
-0.0110684
-0.0110502
-0.0110319
-0.0110137
-0.0109955
-0.0109773
-0.0109591
-0.0109408
-0.0109226
-0.0109044
-0.0108862
-0.0108679
-0.0108497
-0.0108315
-0.0108132
-0.010795
-0.0107768
-0.0107585
-0.0107403
-0.010722
-0.0107038
-0.0106856
-0.0106673
-0.0106491
-0.0106308
-0.0106126
-0.0105943
-0.0105761
-0.0105578
-0.0105396
-0.0105213
-0.010503
-0.0104848
-0.0104665
-0.0104483
-0.01043
-0.0104117
-0.0103935
-0.0103752
-0.0103569
-0.0103387
-0.0103204
-0.0103021
-0.0102838
-0.0102656
-0.0102473
-0.010229
-0.0102107
-0.0101924
-0.0101742
-0.0101559
-0.0101376
-0.0101193
-0.010101
-0.0100827
-0.0100644
-0.0100462
-0.0100279
-0.0100096
-0.00999127
-0.00997297
-0.00995467
-0.00993637
-0.00991807
-0.00989977
-0.00988147
-0.00986316
-0.00984486
-0.00982655
-0.00980824
-0.00978993
-0.00977162
-0.0097533
-0.00973499
-0.00971667
-0.00969836
-0.00968004
-0.00966172
-0.0096434
-0.00962508
-0.00960675
-0.00958843
-0.0095701
-0.00955178
-0.00953345
-0.00951512
-0.00949679
-0.00947846
-0.00946012
-0.00944179
-0.00942345
-0.00940511
-0.00938678
-0.00936844
-0.00935009
-0.00933175
-0.00931341
-0.00929506
-0.00927672
-0.00925837
-0.00924002
-0.00922167
-0.00920332
-0.00918497
-0.00916662
-0.00914826
-0.00912991
-0.00911155
-0.00909319
-0.00907483
-0.00905647
-0.00903811
-0.00901974
-0.00900138
-0.00898301
-0.00896465
-0.00894628
-0.00892791
-0.00890954
-0.00889117
-0.0088728
-0.00885442
-0.00883605
-0.00881767
-0.00879929
-0.00878091
-0.00876253
-0.00874415
-0.00872577
-0.00870739
-0.008689
-0.00867062
-0.00865223
-0.00863384
-0.00861545
-0.00859706
-0.00857867
-0.00856028
-0.00854188
-0.00852349
-0.00850509
-0.0084867
-0.0084683
-0.0084499
-0.0084315
-0.0084131
-0.00839469
-0.00837629
-0.00835788
-0.00833948
-0.00832107
-0.00830266
-0.00828425
-0.00826584
-0.00824743
-0.00822901
-0.0082106
-0.00819219
-0.00817377
-0.00815535
-0.00813693
-0.00811851
-0.00810009
-0.00808167
-0.00806325
-0.00804482
-0.0080264
-0.00800797
-0.00798955
-0.00797112
-0.00795269
-0.00793426
-0.00791583
-0.00789739
-0.00787896
-0.00786052
-0.00784209
-0.00782365
-0.00780521
-0.00778677
-0.00776833
-0.00774989
-0.00773145
-0.00771301
-0.00769456
-0.00767612
-0.00765767
-0.00763923
-0.00762078
-0.00760233
-0.00758388
-0.00756543
-0.00754697
-0.00752852
-0.00751007
-0.00749161
-0.00747315
-0.0074547
-0.00743624
-0.00741778
-0.00739932
-0.00738086
-0.00736239
-0.00734393
-0.00732546
-0.007307
-0.00728853
-0.00727006
-0.0072516
-0.00723313
-0.00721466
-0.00719619
-0.00717771
-0.00715924
-0.00714076
-0.00712229
-0.00710381
-0.00708534
-0.00706686
-0.00704838
-0.0070299
-0.00701142
-0.00699294
-0.00697445
-0.00695597
-0.00693748
-0.006919
-0.00690051
-0.00688202
-0.00686353
-0.00684504
-0.00682655
-0.00680806
-0.00678957
-0.00677108
-0.00675258
-0.00673409
-0.00671559
-0.0066971
-0.0066786
-0.0066601
-0.0066416
-0.0066231
-0.0066046
-0.00658609
-0.00656759
-0.00654909
-0.00653058
-0.00651208
-0.00649357
-0.00647506
-0.00645655
-0.00643804
-0.00641953
-0.00640102
-0.00638251
-0.006364
-0.00634548
-0.00632697
-0.00630845
-0.00628994
-0.00627142
-0.0062529
-0.00623438
-0.00621586
-0.00619734
-0.00617882
-0.0061603
-0.00614177
-0.00612325
-0.00610473
-0.0060862
-0.00606767
-0.00604915
-0.00603062
-0.00601209
-0.00599356
-0.00597503
-0.0059565
-0.00593796
-0.00591943
-0.0059009
-0.00588236
-0.00586383
-0.00584529
-0.00582675
-0.00580822
-0.00578968
-0.00577114
-0.0057526
-0.00573406
-0.00571551
-0.00569697
-0.00567843
-0.00565988
-0.00564134
-0.00562279
-0.00560425
-0.0055857
-0.00556715
-0.0055486
-0.00553005
-0.0055115
-0.00549295
-0.0054744
-0.00545585
-0.00543729
-0.00541874
-0.00540018
-0.00538163
-0.00536307
-0.00534451
-0.00532596
-0.0053074
-0.00528884
-0.00527028
-0.00525172
-0.00523316
-0.00521459
-0.00519603
-0.00517747
-0.0051589
-0.00514034
-0.00512177
-0.00510321
-0.00508464
-0.00506607
-0.0050475
-0.00502893
-0.00501036
-0.00499179
-0.00497322
-0.00495465
-0.00493608
-0.0049175
-0.00489893
-0.00488036
-0.00486178
-0.0048432
-0.00482463
-0.00480605
-0.00478747
-0.00476889
-0.00475031
-0.00473173
-0.00471315
-0.00469457
-0.00467599
-0.00465741
-0.00463882
-0.00462024
-0.00460165
-0.00458307
-0.00456448
-0.0045459
-0.00452731
-0.00450872
-0.00449013
-0.00447154
-0.00445296
-0.00443437
-0.00441577
-0.00439718
-0.00437859
-0.00436
-0.0043414
-0.00432281
-0.00430422
-0.00428562
-0.00426703
-0.00424843
-0.00422983
-0.00421124
-0.00419264
-0.00417404
-0.00415544
-0.00413684
-0.00411824
-0.00409964
-0.00408104
-0.00406243
-0.00404383
-0.00402523
-0.00400663
-0.00398802
-0.00396942
-0.00395081
-0.0039322
-0.0039136
-0.00389499
-0.00387638
-0.00385778
-0.00383917
-0.00382056
-0.00380195
-0.00378334
-0.00376473
-0.00374611
-0.0037275
-0.00370889
-0.00369028
-0.00367166
-0.00365305
-0.00363444
-0.00361582
-0.00359721
-0.00357859
-0.00355997
-0.00354136
-0.00352274
-0.00350412
-0.0034855
-0.00346688
-0.00344826
-0.00342964
-0.00341102
-0.0033924
-0.00337378
-0.00335516
-0.00333654
-0.00331791
-0.00329929
-0.00328067
-0.00326204
-0.00324342
-0.00322479
-0.00320617
-0.00318754
-0.00316891
-0.00315029
-0.00313166
-0.00311303
-0.0030944
-0.00307578
-0.00305715
-0.00303852
-0.00301989
-0.00300126
-0.00298263
-0.00296399
-0.00294536
-0.00292673
-0.0029081
-0.00288946
-0.00287083
-0.0028522
-0.00283356
-0.00281493
-0.00279629
-0.00277766
-0.00275902
-0.00274039
-0.00272175
-0.00270311
-0.00268448
-0.00266584
-0.0026472
-0.00262856
-0.00260992
-0.00259128
-0.00257264
-0.002554
-0.00253536
-0.00251672
-0.00249808
-0.00247944
-0.0024608
-0.00244216
-0.00242351
-0.00240487
-0.00238623
-0.00236758
-0.00234894
-0.00233029
-0.00231165
-0.00229301
-0.00227436
-0.00225571
-0.00223707
-0.00221842
-0.00219978
-0.00218113
-0.00216248
-0.00214383
-0.00212519
-0.00210654
-0.00208789
-0.00206924
-0.00205059
-0.00203194
-0.00201329
-0.00199464
-0.00197599
-0.00195734
-0.00193869
-0.00192004
-0.00190139
-0.00188274
-0.00186409
-0.00184543
-0.00182678
-0.00180813
-0.00178947
-0.00177082
-0.00175217
-0.00173351
-0.00171486
-0.00169621
-0.00167755
-0.0016589
-0.00164024
-0.00162159
-0.00160293
-0.00158427
-0.00156562
-0.00154696
-0.0015283
-0.00150965
-0.00149099
-0.00147233
-0.00145368
-0.00143502
-0.00141636
-0.0013977
-0.00137904
-0.00136039
-0.00134173
-0.00132307
-0.00130441
-0.00128575
-0.00126709
-0.00124843
-0.00122977
-0.00121111
-0.00119245
-0.00117379
-0.00115513
-0.00113647
-0.00111781
-0.00109914
-0.00108048
-0.00106182
-0.00104316
-0.0010245
-0.00100584
-0.000987174
-0.000968511
-0.000949849
-0.000931186
-0.000912523
-0.00089386
-0.000875197
-0.000856533
-0.00083787
-0.000819206
-0.000800542
-0.000781879
-0.000763215
-0.00074455
-0.000725886
-0.000707222
-0.000688557
-0.000669892
-0.000651228
-0.000632563
-0.000613898
-0.000595233
-0.000576567
-0.000557902
-0.000539237
-0.000520571
-0.000501905
-0.00048324
-0.000464574
-0.000445908
-0.000427242
-0.000408576
-0.00038991
-0.000371243
-0.000352577
-0.00033391
-0.000315244
-0.000296577
-0.000277911
-0.000259244
-0.000240577
-0.00022191
-0.000203244
-0.000184577
-0.00016591
-0.000147243
-0.000128575
-0.000109908
-9.12412e-05
-7.25739e-05
-5.39067e-05
-3.52394e-05
-1.6572e-05
2.09535e-06
2.07628e-05
3.94302e-05
5.80976e-05
7.67651e-05
9.54326e-05
0.0001141
0.000132768
0.000151435
0.000170103
0.00018877
0.000207438
0.000226105
0.000244773
0.00026344
0.000282108
0.000300776
0.000319443
0.000338111
0.000356778
0.000375446
0.000394113
0.000412781
0.000431448
0.000450115
0.000468783
0.00048745
0.000506117
0.000524785
0.000543452
0.000562119
0.000580786
0.000599453
0.00061812
0.000636787
0.000655454
0.000674121
0.000692788
0.000711455
0.000730121
0.000748788
0.000767454
0.000786121
0.000804787
0.000823454
0.00084212
0.000860786
0.000879452
0.000898118
0.000916784
0.00093545
0.000954115
0.000972781
0.000991447
0.00101011
0.00102878
0.00104744
0.00106611
0.00108477
0.00110344
0.0011221
0.00114077
0.00115943
0.0011781
0.00119676
0.00121542
0.00123409
0.00125275
0.00127142
0.00129008
0.00130874
0.00132741
0.00134607
0.00136473
0.0013834
0.00140206
0.00142072
0.00143938
0.00145804
0.00147671
0.00149537
0.00151403
0.00153269
0.00155135
0.00157001
0.00158868
0.00160734
0.001626
0.00164466
0.00166332
0.00168198
0.00170064
0.0017193
0.00173796
0.00175662
0.00177528
0.00179393
0.00181259
0.00183125
0.00184991
0.00186857
0.00188723
0.00190588
0.00192454
0.0019432
0.00196186
0.00198051
0.00199917
0.00201782
0.00203648
0.00205514
0.00207379
0.00209245
0.0021111
0.00212976
0.00214841
0.00216707
0.00218572
0.00220437
0.00222303
0.00224168
0.00226033
0.00227899
0.00229764
0.00231629
0.00233494
0.00235359
0.00237225
0.0023909
0.00240955
0.0024282
0.00244685
0.0024655
0.00248415
0.0025028
0.00252145
0.00254009
0.00255874
0.00257739
0.00259604
0.00261469
0.00263333
0.00265198
0.00267063
0.00268927
0.00270792
0.00272656
0.00274521
0.00276385
0.0027825
0.00280114
0.00281979
0.00283843
0.00285707
0.00287572
0.00289436
0.002913
0.00293164
0.00295028
0.00296892
0.00298757
0.00300621
0.00302485
0.00304349
0.00306212
0.00308076
0.0030994
0.00311804
0.00313668
0.00315531
0.00317395
0.00319259
0.00321122
0.00322986
0.00324849
0.00326713
0.00328576
0.0033044
0.00332303
0.00334167
0.0033603
0.00337893
0.00339756
0.00341619
0.00343483
0.00345346
0.00347209
0.00349072
0.00350935
0.00352798
0.0035466
0.00356523
0.00358386
0.00360249
0.00362111
0.00363974
0.00365837
0.00367699
0.00369562
0.00371424
0.00373287
0.00375149
0.00377011
0.00378874
0.00380736
0.00382598
0.0038446
0.00386322
0.00388184
0.00390046
0.00391908
0.0039377
0.00395632
0.00397494
0.00399355
0.00401217
0.00403079
0.0040494
0.00406802
0.00408663
0.00410525
0.00412386
0.00414248
0.00416109
0.0041797
0.00419831
0.00421692
0.00423553
0.00425414
0.00427275
0.00429136
0.00430997
0.00432858
0.00434719
0.00436579
0.0043844
0.00440301
0.00442161
0.00444022
0.00445882
0.00447743
0.00449603
0.00451463
0.00453323
0.00455183
0.00457044
0.00458904
0.00460764
0.00462623
0.00464483
0.00466343
0.00468203
0.00470063
0.00471922
0.00473782
0.00475641
0.00477501
0.0047936
0.00481219
0.00483079
0.00484938
0.00486797
0.00488656
0.00490515
0.00492374
0.00494233
0.00496092
0.00497951
0.00499809
0.00501668
0.00503527
0.00505385
0.00507243
0.00509102
0.0051096
0.00512818
0.00514677
0.00516535
0.00518393
0.00520251
0.00522109
0.00523967
0.00525825
0.00527682
0.0052954
0.00531398
0.00533255
0.00535113
0.0053697
0.00538827
0.00540685
0.00542542
0.00544399
0.00546256
0.00548113
0.0054997
0.00551827
0.00553684
0.0055554
0.00557397
0.00559253
0.0056111
0.00562966
0.00564823
0.00566679
0.00568535
0.00570391
0.00572248
0.00574104
0.00575959
0.00577815
0.00579671
0.00581527
0.00583383
0.00585238
0.00587094
0.00588949
0.00590804
0.0059266
0.00594515
0.0059637
0.00598225
0.0060008
0.00601935
0.0060379
0.00605644
0.00607499
0.00609354
0.00611208
0.00613063
0.00614917
0.00616771
0.00618625
0.0062048
0.00622334
0.00624188
0.00626041
0.00627895
0.00629749
0.00631603
0.00633456
0.0063531
0.00637163
0.00639016
0.0064087
0.00642723
0.00644576
0.00646429
0.00648282
0.00650135
0.00651987
0.0065384
0.00655693
0.00657545
0.00659398
0.0066125
0.00663102
0.00664954
0.00666807
0.00668659
0.0067051
0.00672362
0.00674214
0.00676066
0.00677917
0.00679769
0.0068162
0.00683471
0.00685323
0.00687174
0.00689025
0.00690876
0.00692727
0.00694578
0.00696428
0.00698279
0.00700129
0.0070198
0.0070383
0.00705681
0.00707531
0.00709381
0.00711231
0.00713081
0.00714931
0.0071678
0.0071863
0.00720479
0.00722329
0.00724178
0.00726027
0.00727877
0.00729726
0.00731575
0.00733424
0.00735272
0.00737121
0.0073897
0.00740818
0.00742667
0.00744515
0.00746363
0.00748211
0.0075006
0.00751907
0.00753755
0.00755603
0.00757451
0.00759298
0.00761146
0.00762993
0.00764841
0.00766688
0.00768535
0.00770382
0.00772229
0.00774075
0.00775922
0.00777769
0.00779615
0.00781462
0.00783308
0.00785154
0.00787
0.00788846
0.00790692
0.00792538
0.00794384
0.00796229
0.00798075
0.0079992
0.00801766
0.00803611
0.00805456
0.00807301
0.00809146
0.00810991
0.00812835
0.0081468
0.00816524
0.00818369
0.00820213
0.00822057
0.00823901
0.00825745
0.00827589
0.00829433
0.00831276
0.0083312
0.00834963
0.00836807
0.0083865
0.00840493
0.00842336
0.00844179
0.00846022
0.00847864
0.00849707
0.00851549
0.00853392
0.00855234
0.00857076
0.00858918
0.0086076
0.00862602
0.00864444
0.00866285
0.00868127
0.00869968
0.00871809
0.00873651
0.00875492
0.00877333
0.00879173
0.00881014
0.00882855
0.00884695
0.00886536
0.00888376
0.00890216
0.00892056
0.00893896
0.00895736
0.00897576
0.00899415
0.00901255
0.00903094
0.00904933
0.00906772
0.00908611
0.0091045
0.00912289
0.00914128
0.00915966
0.00917805
0.00919643
0.00921481
0.00923319
0.00925157
0.00926995
0.00928833
0.0093067
0.00932508
0.00934345
0.00936183
0.0093802
0.00939857
0.00941694
0.0094353
0.00945367
0.00947204
0.0094904
0.00950876
0.00952713
0.00954549
0.00956385
0.0095822
0.00960056
0.00961892
0.00963727
0.00965562
0.00967398
0.00969233
0.00971068
0.00972903
0.00974737
0.00976572
0.00978406
0.00980241
0.00982075
0.00983909
0.00985743
0.00987577
0.00989411
0.00991244
0.00993078
0.00994911
0.00996744
0.00998577
0.0100041
0.0100224
0.0100408
0.0100591
0.0100774
0.0100957
0.0101141
0.0101324
0.0101507
0.010169
0.0101873
0.0102056
0.010224
0.0102423
0.0102606
0.0102789
0.0102972
0.0103155
0.0103338
0.0103521
0.0103704
0.0103887
0.010407
0.0104253
0.0104436
0.0104619
0.0104802
0.0104985
0.0105168
0.0105351
0.0105534
0.0105717
0.01059
0.0106083
0.0106265
0.0106448
0.0106631
0.0106814
0.0106997
0.010718
0.0107362
0.0107545
0.0107728
0.0107911
0.0108093
0.0108276
0.0108459
0.0108641
0.0108824
0.0109007
0.0109189
0.0109372
0.0109554
0.0109737
0.010992
0.0110102
0.0110285
0.0110467
0.011065
0.0110832
0.0111015
0.0111197
0.011138
0.0111562
0.0111745
0.0111927
0.011211
0.0112292
0.0112474
0.0112657
0.0112839
0.0113021
0.0113204
0.0113386
0.0113568
0.0113751
0.0113933
0.0114115
0.0114297
0.011448
0.0114662
0.0114844
0.0115026
0.0115208
0.011539
0.0115573
0.0115755
0.0115937
0.0116119
0.0116301
0.0116483
0.0116665
0.0116847
0.0117029
0.0117211
0.0117393
0.0117575
0.0117757
0.0117939
0.0118121
0.0118303
0.0118485
0.0118667
0.0118849
0.011903
0.0119212
0.0119394
0.0119576
0.0119758
0.0119939
0.0120121
0.0120303
0.0120485
0.0120666
0.0120848
0.012103
0.0121212
0.0121393
0.0121575
0.0121756
0.0121938
0.012212
0.0122301
0.0122483
0.0122664
0.0122846
0.0123027
0.0123209
0.012339
0.0123572
0.0123753
0.0123935
0.0124116
0.0124298
0.0124479
0.012466
0.0124842
0.0125023
0.0125204
0.0125386
0.0125567
0.0125748
0.012593
0.0126111
0.0126292
0.0126473
0.0126655
0.0126836
0.0127017
0.0127198
0.0127379
0.012756
0.0127741
0.0127923
0.0128104
0.0128285
0.0128466
0.0128647
0.0128828
0.0129009
0.012919
0.0129371
0.0129552
0.0129733
0.0129914
0.0130094
0.0130275
0.0130456
0.0130637
0.0130818
0.0130999
0.0131179
0.013136
0.0131541
0.0131722
0.0131903
0.0132083
0.0132264
0.0132445
0.0132625
0.0132806
0.0132987
0.0133167
0.0133348
0.0133528
0.0133709
0.0133889
0.013407
0.0134251
0.0134431
0.0134612
0.0134792
0.0134972
0.0135153
0.0135333
0.0135514
0.0135694
0.0135874
0.0136055
0.0136235
0.0136415
0.0136596
0.0136776
0.0136956
0.0137136
0.0137317
0.0137497
0.0137677
0.0137857
0.0138037
0.0138218
0.0138398
0.0138578
0.0138758
0.0138938
0.0139118
0.0139298
0.0139478
0.0139658
0.0139838
0.0140018
0.0140198
0.0140378
0.0140558
0.0140738
0.0140918
0.0141097
0.0141277
0.0141457
0.0141637
0.0141817
0.0141996
0.0142176
0.0142356
0.0142536
0.0142715
0.0142895
0.0143075
0.0143254
0.0143434
0.0143613
0.0143793
0.0143973
0.0144152
0.0144332
0.0144511
0.0144691
0.014487
0.014505
0.0145229
0.0145409
0.0145588
0.0145767
0.0145947
0.0146126
0.0146305
0.0146485
0.0146664
0.0146843
0.0147023
0.0147202
0.0147381
0.014756
0.0147739
0.0147919
0.0148098
0.0148277
0.0148456
0.0148635
0.0148814
0.0148993
0.0149172
0.0149351
0.014953
0.0149709
0.0149888
0.0150067
0.0150246
0.0150425
0.0150604
0.0150783
0.0150961
0.015114
0.0151319
0.0151498
0.0151677
0.0151855
0.0152034
0.0152213
0.0152391
0.015257
0.0152749
0.0152927
0.0153106
0.0153285
0.0153463
0.0153642
0.015382
0.0153999
0.0154177
0.0154356
0.0154534
0.0154713
0.0154891
0.015507
0.0155248
0.0155426
0.0155605
0.0155783
0.0155961
0.0156139
0.0156318
0.0156496
0.0156674
0.0156852
0.0157031
0.0157209
0.0157387
0.0157565
0.0157743
0.0157921
0.0158099
0.0158277
0.0158455
0.0158633
0.0158811
0.0158989
0.0159167
0.0159345
0.0159523
0.0159701
0.0159879
0.0160057
0.0160234
0.0160412
0.016059
0.0160768
0.0160945
0.0161123
0.0161301
0.0161479
0.0161656
0.0161834
0.0162011
0.0162189
0.0162367
0.0162544
0.0162722
0.0162899
0.0163077
0.0163254
0.0163432
0.0163609
0.0162967
0.0163144
0.0163321
0.0163498
0.0163675
0.0163852
0.0164029
0.0164206
0.0164383
0.016456
0.0164737
0.0164914
0.0165091
0.0165267
0.0165444
0.0165621
0.0165798
0.0165974
0.0166151
0.0166328
0.0166504
0.0166681
0.0166858
0.0167034
0.0167211
0.0167387
0.0167564
0.016774
0.0167917
0.0168093
0.016827
0.0168446
0.0168622
0.0168799
0.0168975
0.0169151
0.0169328
0.0169504
0.016968
0.0169857
0.0170033
0.0170209
0.0170385
0.0170561
0.0170737
0.0170914
0.017109
0.0171266
0.0171442
0.0171618
0.0171794
0.017197
0.0172146
0.0172322
0.0172498
0.0172674
0.0172849
0.0173025
0.0173201
0.0173377
0.0173553
0.0173728
0.0173904
0.017408
0.0174256
0.0174431
0.0174607
0.0174783
0.0174958
0.0175134
0.0175309
0.0175485
0.017566
0.0175836
0.0176011
0.0176187
0.0176362
0.0176538
0.0176713
0.0176888
0.0177064
0.0177239
0.0177414
0.017759
0.0177765
0.017794
0.0178115
0.0178291
0.0178466
0.0178641
0.0178816
0.0178991
0.0179166
0.0179341
0.0179516
0.0179691
0.0179866
0.0180041
0.0180216
0.0180391
0.0180566
0.0180741
0.0180916
0.0181091
0.0181265
0.018144
0.0181615
0.018179
0.0181964
0.0182139
0.0182314
0.0182488
0.0182663
0.0182838
0.0183012
0.0183187
0.0183361
0.0183536
0.018371
0.0183885
0.0184059
0.0184234
0.0184408
0.0184582
0.0184757
0.0184931
0.0185104
0.0185276
0.018544
0.0185561
0.0185595
0.018565
0.0185468
0.0185579
0.0185519
0.0185484
0.0185415
0.0185364
0.0185307
0.0185253
0.0185198
0.0185143
0.0185088
0.0185033
0.0184978
0.0184922
0.0184867
0.0184811
0.0184755
0.0184698
0.0184642
0.0184585
0.0184528
0.018447
0.0184413
0.0184355
0.0184297
0.0184239
0.018418
0.0184122
0.0184063
0.0184004
0.0183944
0.0183884
0.0183825
0.0183764
0.0183704
0.0183643
0.0183583
0.0183522
0.018346
0.0183399
0.0183337
0.0183275
0.0183213
0.018315
0.0183087
0.0183024
0.0182961
0.0182898
0.0182834
0.018277
0.0182706
0.0182642
0.0182577
0.0182512
0.0182447
0.0182382
0.0182316
0.018225
0.0182184
0.0182118
0.0182051
0.0181985
0.0181918
0.018185
0.0181783
0.0181715
0.0181647
0.0181579
0.0181511
0.0181442
0.0181373
0.0181304
0.0181234
0.0181165
0.0181095
0.0181025
0.0180954
0.0180884
0.0180813
0.0180742
0.018067
0.0180599
0.0180527
0.0180455
0.0180383
0.018031
0.0180237
0.0180164
0.0180091
0.0180017
0.0179944
0.017987
0.0179795
0.0179721
0.0179646
0.0179571
0.0179496
0.017942
0.0179345
0.0179269
0.0179193
0.0179116
0.0179039
0.0178963
0.0178885
0.0178808
0.017873
0.0178652
0.0178574
0.0178496
0.0178417
0.0178338
0.0178259
0.017818
0.01781
0.017802
0.017794
0.017786
0.0177779
0.0177698
0.0177617
0.0177536
0.0177454
0.0177372
0.017729
0.0177208
0.0177125
0.0177042
0.0176959
0.0176876
0.0176792
0.0176708
0.0176624
0.017654
0.0176455
0.017637
0.0176285
0.01762
0.0176114
0.0176028
0.0175942
0.0175856
0.0175769
0.0175683
0.0175595
0.0175508
0.017542
0.0175333
0.0175244
0.0175156
0.0175067
0.0174979
0.017489
0.01748
0.0174711
0.0174621
0.0174531
0.017444
0.017435
0.0174259
0.0174167
0.0174076
0.0173984
0.0173893
0.01738
0.0173708
0.0173615
0.0173522
0.0173429
0.0173336
0.0173242
0.0173148
0.0173054
0.017296
0.0172865
0.017277
0.0172675
0.0172579
0.0172483
0.0172388
0.0172291
0.0172195
0.0172098
0.0172001
0.0171904
0.0171806
0.0171708
0.017161
0.0171512
0.0171414
0.0171315
0.0171216
0.0171116
0.0171017
0.0170917
0.0170817
0.0170716
0.0170616
0.0170515
0.0170414
0.0170312
0.0170211
0.0170109
0.0170007
0.0169904
0.0169802
0.0169699
0.0169595
0.0169492
0.0169388
0.0169284
0.016918
0.0169075
0.0168971
0.0168866
0.016876
0.0168655
0.0168549
0.0168443
0.0168336
0.016823
0.0168123
0.0168016
0.0167908
0.0167801
0.0167693
0.0167584
0.0167476
0.0167367
0.0167258
0.0167149
0.0167039
0.016693
0.016682
0.0166709
0.0166599
0.0166488
0.0166377
0.0166265
0.0166154
0.0166042
0.016593
0.0165817
0.0165704
0.0165591
0.0165478
0.0165365
0.0165251
0.0165137
0.0165023
0.0164908
0.0164793
0.0164678
0.0164563
0.0164447
0.0164331
0.0164215
0.0164098
0.0163982
0.0163865
0.0163747
0.016363
0.0163512
0.0163394
0.0163276
0.0163157
0.0163038
0.0162919
0.0162799
0.016268
0.016256
0.016244
0.0162319
0.0162198
0.0162077
0.0161956
0.0161834
0.0161712
0.016159
0.0161468
0.0161345
0.0161222
0.0161099
0.0160975
0.0160851
0.0160727
0.0160603
0.0160478
0.0160354
0.0160228
0.0160103
0.0159977
0.0159851
0.0159725
0.0159598
0.0159472
0.0159345
0.0159217
0.015909
0.0158962
0.0158833
0.0158705
0.0158576
0.0158447
0.0158318
0.0158188
0.0158058
0.0157928
0.0157798
0.0157667
0.0157536
0.0157405
0.0157273
0.0157142
0.0157009
0.0156877
0.0156744
0.0156612
0.0156478
0.0156345
0.0156211
0.0156077
0.0155943
0.0155808
0.0155673
0.0155538
0.0155403
0.0155267
0.0155131
0.0154994
0.0154858
0.0154721
0.0154584
0.0154446
0.0154309
0.0154171
0.0154032
0.0153894
0.0153755
0.0153616
0.0153476
0.0153337
0.0153197
0.0153057
0.0152916
0.0152775
0.0152634
0.0152493
0.0152351
0.0152209
0.0152067
0.0151924
0.0151781
0.0151638
0.0151495
0.0151351
0.0151207
0.0151063
0.0150918
0.0150773
0.0150628
0.0150483
0.0150337
0.0150191
0.0150045
0.0149898
0.0149751
0.0149604
0.0149457
0.0149309
0.0149161
0.0149013
0.0148864
0.0148715
0.0148566
0.0148416
0.0148267
0.0148117
0.0147966
0.0147815
0.0147665
0.0147513
0.0147362
0.014721
0.0147058
0.0146905
0.0146753
0.01466
0.0146446
0.0146293
0.0146139
0.0145985
0.014583
0.0145676
0.0145521
0.0145365
0.014521
0.0145054
0.0144897
0.0144741
0.0144584
0.0144427
0.014427
0.0144112
0.0143954
0.0143795
0.0143637
0.0143478
0.0143319
0.0143159
0.0142999
0.0142839
0.0142679
0.0142518
0.0142357
0.0142196
0.0142034
0.0141873
0.014171
0.0141548
0.0141385
0.0141222
0.0141059
0.0140895
0.0140731
0.0140567
0.0140402
0.0140237
0.0140072
0.0139906
0.0139741
0.0139574
0.0139408
0.0139241
0.0139074
0.0138907
0.0138739
0.0138571
0.0138403
0.0138235
0.0138066
0.0137897
0.0137727
0.0137557
0.0137387
0.0137217
0.0137046
0.0136875
0.0136704
0.0136532
0.0136361
0.0136188
0.0136016
0.0135843
0.013567
0.0135496
0.0135323
0.0135149
0.0134974
0.01348
0.0134625
0.0134449
0.0134274
0.0134098
0.0133922
0.0133745
0.0133568
0.0133391
0.0133214
0.0133036
0.0132858
0.0132679
0.0132501
0.0132322
0.0132142
0.0131963
0.0131783
0.0131602
0.0131422
0.0131241
0.013106
0.0130878
0.0130696
0.0130514
0.0130332
0.0130149
0.0129966
0.0129782
0.0129599
0.0129415
0.012923
0.0129046
0.0128861
0.0128675
0.012849
0.0128304
0.0128118
0.0127931
0.0127744
0.0127557
0.0127369
0.0127181
0.0126993
0.0126805
0.0126616
0.0126427
0.0126237
0.0126048
0.0125858
0.0125667
0.0125476
0.0125285
0.0125094
0.0124902
0.012471
0.0124518
0.0124325
0.0124132
0.0123939
0.0123745
0.0123551
0.0123357
0.0123163
0.0122968
0.0122772
0.0122577
0.0122381
0.0122185
0.0121988
0.0121791
0.0121594
0.0121397
0.0121199
0.0121001
0.0120802
0.0120603
0.0120404
0.0120205
0.0120005
0.0119805
0.0119604
0.0119403
0.0119202
0.0119001
0.0118799
0.0118597
0.0118395
0.0118192
0.0117989
0.0117785
0.0117581
0.0117377
0.0117173
0.0116968
0.0116763
0.0116558
0.0116352
0.0116146
0.0115939
0.0115733
0.0115526
0.0115318
0.0115111
0.0114902
0.0114694
0.0114485
0.0114276
0.0114067
0.0113857
0.0113647
0.0113437
0.0113226
0.0113015
0.0112803
0.0112591
0.0112379
0.0112167
0.0111954
0.0111741
0.0111528
0.0111314
0.01111
0.0110885
0.011067
0.0110455
0.011024
0.0110024
0.0109808
0.0109591
0.0109374
0.0109157
0.010894
0.0108722
0.0108504
0.0108285
0.0108066
0.0107847
0.0107627
0.0107407
0.0107187
0.0106966
0.0106745
0.0106524
0.0106303
0.0106081
0.0105858
0.0105636
0.0105412
0.0105189
0.0104965
0.0104741
0.0104517
0.0104292
0.0104067
0.0103842
0.0103616
0.010339
0.0103163
0.0102936
0.0102709
0.0102482
0.0102254
0.0102025
0.0101797
0.0101568
0.0101339
0.0101109
0.0100879
0.0100649
0.0100418
0.0100187
0.00999554
0.00997236
0.00994915
0.0099259
0.00990262
0.0098793
0.00985595
0.00983256
0.00980914
0.00978568
0.00976219
0.00973866
0.00971509
0.00969149
0.00966785
0.00964418
0.00962047
0.00959673
0.00957295
0.00954913
0.00952528
0.00950139
0.00947747
0.00945351
0.00942952
0.00940549
0.00938142
0.00935732
0.00933318
0.009309
0.00928479
0.00926055
0.00923626
0.00921194
0.00918759
0.0091632
0.00913877
0.0091143
0.0090898
0.00906527
0.00904069
0.00901608
0.00899144
0.00896675
0.00894203
0.00891728
0.00889249
0.00886766
0.00884279
0.00881789
0.00879295
0.00876797
0.00874296
0.00871791
0.00869283
0.0086677
0.00864254
0.00861735
0.00859211
0.00856684
0.00854154
0.00851619
0.00849081
0.00846539
0.00843994
0.00841444
0.00838891
0.00836334
0.00833774
0.0083121
0.00828642
0.0082607
0.00823495
0.00820916
0.00818333
0.00815746
0.00813156
0.00810562
0.00807964
0.00805362
0.00802757
0.00800148
0.00797535
0.00794918
0.00792298
0.00789673
0.00787045
0.00784413
0.00781778
0.00779138
0.00776495
0.00773848
0.00771198
0.00768543
0.00765885
0.00763222
0.00760556
0.00757887
0.00755213
0.00752535
0.00749854
0.00747169
0.0074448
0.00741787
0.00739091
0.0073639
0.00733686
0.00730978
0.00728266
0.0072555
0.0072283
0.00720106
0.00717379
0.00714648
0.00711912
0.00709173
0.0070643
0.00703684
0.00700933
0.00698178
0.0069542
0.00692657
0.00689891
0.00687121
0.00684347
0.00681569
0.00678787
0.00676001
0.00673211
0.00670418
0.0066762
0.00664819
0.00662013
0.00659204
0.0065639
0.00653573
0.00650752
0.00647927
0.00645098
0.00642265
0.00639428
0.00636587
0.00633742
0.00630893
0.0062804
0.00625183
0.00622322
0.00619457
0.00616588
0.00613716
0.00610839
0.00607958
0.00605073
0.00602184
0.00599292
0.00596395
0.00593494
0.00590589
0.0058768
0.00584767
0.0058185
0.00578929
0.00576004
0.00573075
0.00570142
0.00567205
0.00564264
0.00561319
0.0055837
0.00555416
0.00552459
0.00549497
0.00546532
0.00543562
0.00540589
0.00537611
0.00534629
0.00531643
0.00528653
0.00525659
0.00522661
0.00519658
0.00516652
0.00513641
0.00510627
0.00507608
0.00504585
0.00501558
0.00498527
0.00495492
0.00492452
0.00489409
0.00486361
0.00483309
0.00480253
0.00477193
0.00474129
0.0047106
0.00467988
0.00464911
0.0046183
0.00458745
0.00455655
0.00452562
0.00449464
0.00446362
0.00443256
0.00440146
0.00437032
0.00433913
0.0043079
0.00427663
0.00424532
0.00421396
0.00418256
0.00415112
0.00411964
0.00408812
0.00405655
0.00402494
0.00399329
0.00396159
0.00392986
0.00389808
0.00386625
0.00383439
0.00380248
0.00377053
0.00373854
0.0037065
0.00367442
0.0036423
0.00361014
0.00357793
0.00354568
0.00351339
0.00348105
0.00344867
0.00341625
0.00338378
0.00335127
0.00331872
0.00328612
0.00325348
0.0032208
0.00318808
0.00315531
0.00312249
0.00308964
0.00305674
0.00302379
0.0029908
0.00295777
0.0029247
0.00289158
0.00285842
0.00282521
0.00279196
0.00275867
0.00272533
0.00269194
0.00265852
0.00262505
0.00259153
0.00255797
0.00252437
0.00249072
0.00245703
0.0024233
0.00238952
0.00235569
0.00232182
0.00228791
0.00225395
0.00221995
0.0021859
0.00215181
0.00211767
0.00208349
0.00204926
0.00201499
0.00198067
0.00194631
0.0019119
0.00187745
0.00184296
0.00180842
0.00177383
0.0017392
0.00170452
0.0016698
0.00163503
0.00160022
0.00156536
0.00153046
0.00149551
0.00146051
0.00142547
0.00139039
0.00135525
0.00132008
0.00128485
0.00124959
0.00121427
0.00117891
0.00114351
0.00110805
0.00107256
0.00103701
0.00100142
0.000965785
0.000930103
0.000894374
0.000858599
0.000822778
0.000786911
0.000750997
0.000715037
0.000679031
0.000642978
0.000606878
0.000570732
0.000534539
0.0004983
0.000462014
0.000425681
0.000389302
0.000352875
0.000316402
0.000279881
0.000243314
0.0002067
0.000170039
0.00013333
9.65747e-05
5.9772e-05
2.2922e-05
-1.39752e-05
-5.09197e-05
-8.79117e-05
-0.000124951
-0.000162038
-0.000199172
-0.000236354
-0.000273583
-0.00031086
-0.000348185
-0.000385557
-0.000422978
-0.000460446
-0.000497961
-0.000535525
-0.000573137
-0.000610797
-0.000648504
-0.00068626
-0.000724064
-0.000761916
-0.000799817
-0.000837765
-0.000875762
-0.000913807
-0.000951901
-0.000990043
-0.00102823
-0.00106647
-0.00110476
-0.0011431
-0.00118148
-0.00121992
-0.0012584
-0.00129693
-0.00133551
-0.00137414
-0.00141282
-0.00145154
-0.00149032
-0.00152914
-0.00156802
-0.00160694
-0.00164592
-0.00168494
-0.00172401
-0.00176313
-0.0018023
-0.00184152
-0.00188079
-0.00192011
-0.00195948
-0.00199889
-0.00203836
-0.00207788
-0.00211745
-0.00215706
-0.00219673
-0.00223645
-0.00227621
-0.00231603
-0.0023559
-0.00239581
-0.00243578
-0.0024758
-0.00251587
-0.00255598
-0.00259615
-0.00263637
-0.00267664
-0.00271696
-0.00275733
-0.00279775
-0.00283822
-0.00287875
-0.00291932
-0.00295994
-0.00300062
-0.00304134
-0.00308212
-0.00312295
-0.00316383
-0.00320476
-0.00324574
-0.00328677
-0.00332785
-0.00336899

