100
0
0
0
 -0.00142959
-0.000200671
  -0.0374198
-0.00508836
-0.00179752
 -0.0758358
 -0.0110851
-0.00473767
  -0.115177
 -0.0195246
-0.00895741
  -0.155368
 -0.030506
-0.0143825
 -0.196333
-0.0441227
-0.0209285
  -0.23799
-0.0604605
-0.0285018
 -0.280258
-0.0795969
-0.0369999
 -0.323052
 -0.101601
-0.0463125
 -0.366284
  -0.12653
-0.0563226
 -0.409867
 -0.154433
-0.0669075
  -0.45371
 -0.185346
-0.0779397
 -0.497723
 -0.219295
-0.0892888
 -0.541813
-0.256292
-0.100822
 -0.58589
-0.296339
-0.112407
-0.629861
-0.339424
 -0.12391
-0.673635
-0.385525
-0.135202
-0.717122
-0.434607
-0.146156
-0.760231
-0.486624
-0.156649
-0.802876
 -0.54152
-0.166565
-0.844968
 -0.59923
-0.175794
-0.886426
-0.659677
-0.184234
-0.927166
-0.722778
-0.191791
-0.967109
-0.788443
-0.198383
 -1.00618
-0.856575
-0.203934
  -1.0443
 -0.92707
-0.208381
 -1.08141
-0.999824
 -0.21167
 -1.11743
 -1.07473
-0.213761
  -1.1523
-1.15166
-0.21462
-1.18597
 -1.23052
-0.214227
 -1.21837
 -1.31119
-0.212573
 -1.24945
 -1.39355
-0.209658
 -1.27916
 -1.47749
-0.205492
 -1.30746
 -1.56289
-0.200095
  -1.3343
 -1.64966
-0.193496
 -1.35964
 -1.73767
-0.185733
 -1.38344
 -1.82683
-0.176853
 -1.40568
 -1.91704
-0.166908
 -1.42632
-2.00819
-0.15596
-1.44532
 -2.10019
-0.144074
 -1.46268
 -2.19294
-0.131323
 -1.47836
 -2.28636
-0.117784
 -1.49235
 -2.38037
-0.103541
 -1.50462
  -2.47487
-0.0886791
  -1.51517
  -2.56979
-0.0732875
  -1.52398
  -2.66504
-0.0574589
  -1.53104
  -2.76056
-0.0412881
  -1.53634
  -2.85626
-0.0248715
  -1.53988
   -2.95208
-0.00830697
   -1.54165
  -3.04792
0.00830697
  -1.54165
 -3.14374
0.0248715
 -1.53988
 -3.23944
0.0412881
 -1.53634
 -3.33496
0.0574589
 -1.53104
 -3.43021
0.0732875
 -1.52398
 -3.52513
0.0886791
 -1.51517
-3.61963
0.103541
-1.50462
-3.71364
0.117784
-1.49235
-3.80706
0.131323
-1.47836
-3.89981
0.144074
-1.46268
-3.99181
 0.15596
-1.44532
-4.08296
0.166908
-1.42632
-4.17317
0.176853
-1.40568
-4.26233
0.185733
-1.38344
-4.35034
0.193496
-1.35964
-4.43711
0.200095
 -1.3343
-4.52251
0.205492
-1.30746
-4.60645
0.209658
-1.27916
-4.68881
0.212573
-1.24945
-4.76948
0.214227
-1.21837
-4.84834
 0.21462
-1.18597
-4.92527
0.213761
 -1.1523
-5.00018
 0.21167
-1.11743
-5.07293
0.208381
-1.08141
-5.14343
0.203934
 -1.0443
-5.21156
0.198383
-1.00618
 -5.27722
 0.191791
-0.967109
 -5.34032
 0.184234
-0.927166
 -5.40077
 0.175794
-0.886426
 -5.45848
 0.166565
-0.844968
 -5.51338
 0.156649
-0.802876
 -5.56539
 0.146156
-0.760231
 -5.61448
 0.135202
-0.717122
 -5.66058
  0.12391
-0.673635
 -5.70366
 0.112407
-0.629861
-5.74371
0.100822
-0.58589
 -5.78071
0.0892888
-0.541813
 -5.81465
0.0779397
-0.497723
 -5.84557
0.0669075
 -0.45371
 -5.87347
0.0563226
-0.409867
  -5.8984
0.0463125
-0.366284
  -5.9204
0.0369999
-0.323052
 -5.93954
0.0285018
-0.280258
 -5.95588
0.0209285
 -0.23799
 -5.96949
0.0143825
-0.196333
  -5.98048
0.00895741
 -0.155368
  -5.98891
0.00473767
 -0.115177
  -5.99491
0.00179752
-0.0758358
   -5.99857
0.000200671
 -0.0374198
-6
 0
 0

