100
0
0
0
-0.00253568
-0.00243447
 -0.0931244
-0.0109633
 -0.007353
 -0.179531
 -0.025049
-0.0140891
 -0.259542
-0.0445019
-0.0220763
 -0.333502
-0.0689957
-0.0308418
 -0.401765
-0.0981864
-0.0399985
 -0.464691
 -0.131725
-0.0492352
 -0.522632
 -0.169268
-0.0583066
 -0.575934
 -0.210483
-0.0670237
 -0.624928
 -0.255054
-0.0752445
 -0.669931
 -0.302685
-0.0828666
 -0.711245
 -0.353101
-0.0898192
 -0.749152
 -0.406046
-0.0960578
 -0.783919
-0.461287
-0.101558
-0.815793
 -0.51861
-0.106313
-0.845005
 -0.57782
-0.110326
 -0.87177
-0.638738
-0.113613
-0.896285
-0.701205
-0.116194
-0.918734
-0.765075
-0.118097
-0.939286
-0.830216
-0.119351
-0.958096
-0.896507
-0.119989
-0.975307
-0.963842
-0.120044
-0.991052
 -1.03212
-0.119551
 -1.00545
 -1.10126
-0.118543
 -1.01861
 -1.17117
-0.117055
 -1.03064
 -1.24179
-0.115119
 -1.04163
 -1.31305
-0.112766
 -1.05166
 -1.38488
-0.110027
 -1.06082
-1.45724
-0.10693
-1.06917
 -1.53008
-0.103504
 -1.07677
  -1.60334
-0.0997739
  -1.08369
    -1.677
-0.0957646
  -1.08999
  -1.75101
-0.0914994
   -1.0957
  -1.82533
-0.0870001
  -1.10088
  -1.89995
-0.0822874
  -1.10556
  -1.97482
-0.0773806
  -1.10979
 -2.04992
-0.072298
 -1.11358
  -2.12523
-0.0670568
  -1.11698
  -2.20073
-0.0616733
  -1.12002
  -2.27639
-0.0561627
   -1.1227
  -2.35219
-0.0505395
  -1.12506
  -2.42812
-0.0448175
  -1.12712
  -2.50416
-0.0390099
  -1.12888
  -2.58029
-0.0331292
  -1.13037
   -2.6565
-0.0271875
  -1.13159
  -2.73277
-0.0211964
  -1.13256
  -2.80909
-0.0151672
  -1.13328
  -2.88544
-0.0091111
  -1.13375
   -2.96181
-0.00303882
   -1.13399
  -3.03819
0.00303882
  -1.13399
 -3.11456
0.0091111
 -1.13375
 -3.19091
0.0151672
 -1.13328
 -3.26723
0.0211964
 -1.13256
  -3.3435
0.0271875
 -1.13159
 -3.41971
0.0331292
 -1.13037
 -3.49584
0.0390099
 -1.12888
 -3.57188
0.0448175
 -1.12712
 -3.64781
0.0505395
 -1.12506
 -3.72361
0.0561627
  -1.1227
 -3.79927
0.0616733
 -1.12002
 -3.87477
0.0670568
 -1.11698
-3.95008
0.072298
-1.11358
 -4.02518
0.0773806
 -1.10979
 -4.10005
0.0822874
 -1.10556
 -4.17467
0.0870001
 -1.10088
 -4.24899
0.0914994
  -1.0957
   -4.323
0.0957646
 -1.08999
 -4.39666
0.0997739
 -1.08369
-4.46992
0.103504
-1.07677
-4.54276
 0.10693
-1.06917
-4.61512
0.110027
-1.06082
-4.68695
0.112766
-1.05166
-4.75821
0.115119
-1.04163
-4.82883
0.117055
-1.03064
-4.89874
0.118543
-1.01861
-4.96788
0.119551
-1.00545
 -5.03616
 0.120044
-0.991052
 -5.10349
 0.119989
-0.975307
 -5.16978
 0.119351
-0.958096
 -5.23492
 0.118097
-0.939286
 -5.29879
 0.116194
-0.918734
 -5.36126
 0.113613
-0.896285
-5.42218
0.110326
-0.87177
 -5.48139
 0.106313
-0.845005
 -5.53871
 0.101558
-0.815793
 -5.59395
0.0960578
-0.783919
  -5.6469
0.0898192
-0.749152
 -5.69731
0.0828666
-0.711245
 -5.74495
0.0752445
-0.669931
 -5.78952
0.0670237
-0.624928
 -5.83073
0.0583066
-0.575934
 -5.86827
0.0492352
-0.522632
 -5.90181
0.0399985
-0.464691
   -5.931
0.0308418
-0.401765
  -5.9555
0.0220763
-0.333502
 -5.97495
0.0140891
-0.259542
 -5.98904
 0.007353
-0.179531
  -5.99746
0.00243447
-0.0931244
-6
 0
 0

