100
    0
-0.85
    0
-0.00141385
  -0.850033
 -0.0393909
-0.00549242
  -0.850673
 -0.0784443
-0.0122332
 -0.851812
 -0.117124
-0.0216266
 -0.853343
 -0.155397
-0.0336565
 -0.855162
 -0.193227
-0.0483002
 -0.857167
 -0.230584
-0.0655289
 -0.859259
 -0.267434
-0.085308
-0.861344
-0.303747
-0.107597
-0.863331
-0.339494
-0.132352
-0.865133
-0.374647
-0.159522
 -0.86667
-0.409179
-0.189052
-0.867864
-0.443063
-0.220887
-0.868644
-0.476275
-0.254963
-0.868944
-0.508792
-0.291216
-0.868704
-0.540591
 -0.32958
-0.867868
-0.571652
-0.369986
-0.866387
-0.601955
-0.412364
-0.864217
-0.631481
-0.456639
-0.861321
-0.660213
-0.502741
-0.857664
-0.688135
-0.550595
-0.853221
-0.715231
-0.600127
 -0.84797
-0.741487
-0.651262
-0.841892
-0.766891
-0.703928
-0.834978
-0.791429
 -0.75805
-0.827219
-0.815092
-0.813556
-0.818615
-0.837868
-0.870374
-0.809167
-0.859748
-0.928433
-0.798881
-0.880723
-0.987664
 -0.78777
-0.900786
   -1.048
-0.775846
 -0.91993
 -1.10937
-0.763129
-0.938147
 -1.17171
 -0.74964
-0.955432
 -1.23496
-0.735404
-0.971781
 -1.29906
-0.720448
-0.987187
 -1.36394
-0.704803
 -1.00165
 -1.42954
-0.688503
 -1.01516
 -1.49581
-0.671583
 -1.02771
 -1.5627
-0.65408
-1.03932
 -1.63014
-0.636034
 -1.04996
 -1.69808
-0.617487
 -1.05964
 -1.76648
-0.598481
 -1.06836
 -1.83528
-0.579062
 -1.07611
 -1.90442
-0.559274
  -1.0829
 -1.97387
-0.539166
 -1.08871
 -2.04358
-0.518784
 -1.09357
 -2.11349
-0.498177
 -1.09745
 -2.18356
-0.477395
 -1.10036
 -2.25374
-0.456487
  -1.1023
   -2.324
-0.435504
 -1.10327
 -2.39427
-0.414496
 -1.10327
 -2.46452
-0.393513
  -1.1023
 -2.53471
-0.372605
 -1.10036
 -2.60478
-0.351823
 -1.09745
 -2.67469
-0.331216
 -1.09357
 -2.74439
-0.310834
 -1.08871
 -2.81384
-0.290726
  -1.0829
 -2.88299
-0.270938
 -1.07611
 -2.95179
-0.251519
 -1.06836
 -3.02018
-0.232513
 -1.05964
 -3.08813
-0.213966
 -1.04996
-3.15557
-0.19592
-1.03932
 -3.22245
-0.178417
 -1.02771
 -3.28873
-0.161497
 -1.01516
 -3.35433
-0.145197
 -1.00165
 -3.41921
-0.129552
-0.987187
 -3.48331
-0.114596
-0.971781
 -3.54656
 -0.10036
-0.955432
   -3.6089
-0.0868709
 -0.938147
  -3.67027
-0.0741537
  -0.91993
   -3.7306
-0.0622302
 -0.900786
  -3.78983
-0.0511186
 -0.880723
  -3.84789
-0.0408333
 -0.859748
  -3.90471
-0.0313851
 -0.837868
  -3.96022
-0.0227806
 -0.815092
  -4.01434
-0.0150222
 -0.791429
   -4.06701
-0.00810778
  -0.766891
   -4.11814
-0.00203047
  -0.741487
  -4.16767
0.00322136
 -0.715231
  -4.21553
0.00766444
 -0.688135
 -4.26163
0.0113207
-0.660213
  -4.3059
0.0142173
-0.631481
 -4.34828
 0.016387
-0.601955
 -4.38869
0.0178679
-0.571652
 -4.42705
0.0187038
-0.540591
 -4.46331
0.0189442
-0.508792
 -4.49738
0.0186441
-0.476275
 -4.52922
 0.017864
-0.443063
 -4.55875
0.0166699
-0.409179
 -4.58592
0.0151334
-0.374647
 -4.61067
0.0133309
-0.339494
 -4.63296
 0.011344
-0.303747
  -4.65274
0.00925912
 -0.267434
  -4.66997
0.00716687
 -0.230584
  -4.68461
0.00516207
 -0.193227
  -4.69664
0.00334318
 -0.155397
  -4.70603
0.00181193
 -0.117124
  -4.71278
0.00067283
-0.0784443
   -4.71685
3.26736e-05
 -0.0393909
-4.71827
       0
       0

