100
    0
-0.05
    0
-0.00466285
  -0.059683
  -0.173613
-0.0216639
-0.0719642
 -0.317432
-0.0492031
-0.0847089
  -0.43568
-0.0854356
-0.0966546
 -0.532402
-0.128693
-0.107153
-0.611238
-0.177561
-0.115951
-0.675346
-0.230885
-0.123027
-0.727396
-0.287739
-0.128487
-0.769611
-0.347392
-0.132496
-0.803827
-0.409266
-0.135239
-0.831547
-0.472906
  -0.1369
-0.853997
-0.537952
-0.137645
-0.872176
-0.604122
-0.137625
-0.886895
-0.671191
-0.136971
-0.898811
-0.738981
-0.135793
-0.908457
-0.807349
-0.134184
-0.916266
-0.876183
-0.132222
-0.922587
-0.945391
-0.129972
-0.927704
  -1.0149
-0.127486
-0.931845
 -1.08465
-0.124809
-0.935198
  -1.1546
-0.121976
-0.937912
 -1.22471
-0.119016
-0.940109
 -1.29495
-0.115954
-0.941887
 -1.36529
-0.112807
-0.943326
 -1.43571
-0.109593
-0.944491
  -1.5062
-0.106325
-0.945434
 -1.57675
-0.103011
-0.946197
  -1.64734
-0.0996619
 -0.946815
  -1.71796
-0.0962832
 -0.947315
 -1.78862
-0.092881
 -0.94772
  -1.85929
-0.0894595
 -0.948048
  -1.92999
-0.0860225
 -0.948313
  -2.0007
-0.082573
-0.948527
  -2.07143
-0.0791133
 -0.948701
  -2.14216
-0.0756453
 -0.948841
  -2.21291
-0.0721708
 -0.948955
  -2.28366
-0.0686908
 -0.949047
  -2.35441
-0.0652065
 -0.949121
  -2.42517
-0.0617186
 -0.949181
  -2.49593
-0.0582279
 -0.949229
  -2.5667
-0.054735
-0.949267
  -2.63746
-0.0512402
 -0.949298
 -2.70823
-0.047744
-0.949323
    -2.779
-0.0442466
 -0.949342
  -2.84978
-0.0407483
 -0.949357
  -2.92055
-0.0372493
 -0.949368
  -2.99132
-0.0337499
 -0.949376
  -3.06209
-0.0302501
 -0.949382
 -3.13287
 -0.02675
-0.949384
 -3.20364
 -0.02325
-0.949384
  -3.27442
-0.0197499
 -0.949382
  -3.34519
-0.0162501
 -0.949376
  -3.41596
-0.0127507
 -0.949368
   -3.48674
-0.00925168
  -0.949357
  -3.55751
-0.0057534
 -0.949342
   -3.62828
-0.00225602
  -0.949323
  -3.69905
0.00124022
 -0.949298
  -3.76981
0.00473499
 -0.949267
  -3.84058
0.00822794
 -0.949229
 -3.91134
0.0117186
-0.949181
  -3.9821
0.0152065
-0.949121
 -4.05286
0.0186908
-0.949047
 -4.12361
0.0221708
-0.948955
 -4.19435
0.0256453
-0.948841
 -4.26508
0.0291133
-0.948701
 -4.33581
 0.032573
-0.948527
 -4.40652
0.0360225
-0.948313
 -4.47722
0.0394595
-0.948048
-4.54789
0.042881
-0.94772
 -4.61855
0.0462832
-0.947315
 -4.68918
0.0496619
-0.946815
 -4.75976
0.0530113
-0.946197
 -4.83031
0.0563246
-0.945434
  -4.9008
0.0595935
-0.944491
 -4.97122
0.0628074
-0.943326
 -5.04156
0.0659536
-0.941887
  -5.1118
0.0690163
-0.940109
 -5.18191
0.0719761
-0.937912
 -5.25186
0.0748093
-0.935198
 -5.32161
0.0774865
-0.931845
 -5.39112
0.0799721
-0.927704
 -5.46033
0.0822224
-0.922587
 -5.52916
0.0841842
-0.916266
 -5.59753
0.0857931
-0.908457
 -5.66532
0.0869712
-0.898811
 -5.73239
0.0876254
-0.886895
 -5.79856
0.0876448
-0.872176
 -5.86361
0.0868995
-0.853997
 -5.92725
0.0852394
-0.831547
 -5.98912
 0.082496
-0.803827
 -6.04877
0.0784867
-0.769611
 -6.10563
0.0730266
-0.727396
 -6.15895
0.0659508
-0.675346
 -6.20782
0.0571532
-0.611238
 -6.25108
0.0466546
-0.532402
 -6.28731
0.0347089
 -0.43568
 -6.31485
0.0219642
-0.317432
  -6.33185
0.00968304
 -0.173613
-6.33651
       0
       0

