100
   0
-0.9
   0
-0.00123367
  -0.899783
 -0.0327448
-0.00469497
  -0.900082
  -0.065813
-0.0104198
 -0.900826
-0.0991548
-0.0184388
 -0.901945
  -0.13272
-0.0287764
 -0.903362
 -0.166457
-0.0414516
 -0.905001
 -0.200314
-0.0564769
 -0.906784
 -0.234241
-0.0738589
 -0.908632
 -0.268184
-0.0935977
 -0.910465
 -0.302092
-0.115687
-0.912205
-0.335913
-0.140116
-0.913772
-0.369596
-0.166864
-0.915091
-0.403088
-0.195908
-0.916086
-0.436339
-0.227218
-0.916685
-0.469298
-0.260759
-0.916819
-0.501917
-0.296489
-0.916421
-0.534147
-0.334363
-0.915429
 -0.56594
-0.374331
-0.913786
-0.597249
-0.416338
-0.911439
-0.628029
-0.460327
-0.908338
-0.658236
-0.506235
-0.904441
-0.687828
-0.553999
-0.899709
-0.716762
-0.603552
 -0.89411
   -0.745
-0.654824
-0.887618
-0.772502
-0.707745
 -0.88021
-0.799232
-0.762242
-0.871871
-0.825154
-0.818244
-0.862592
-0.850235
-0.875676
-0.852367
-0.874443
-0.934464
-0.841198
-0.897747
-0.994536
-0.829092
-0.920118
 -1.05582
-0.816059
-0.941531
 -1.11823
-0.802117
-0.961957
 -1.18172
-0.787288
-0.981375
  -1.2462
-0.771596
-0.999761
  -1.3116
-0.755072
  -1.0171
 -1.37785
-0.737752
 -1.03336
  -1.4449
-0.719673
 -1.04853
 -1.51267
-0.700877
  -1.0626
 -1.5811
-0.68141
-1.07554
-1.65012
-0.66132
-1.08735
 -1.71968
-0.640658
 -1.09801
 -1.78971
-0.619477
 -1.10752
 -1.86016
-0.597833
 -1.11586
 -1.93096
-0.575785
 -1.12302
 -2.00207
-0.553391
   -1.129
 -2.07342
-0.530713
 -1.13379
 -2.14495
-0.507812
 -1.13739
 -2.21663
-0.484751
 -1.13979
 -2.28838
-0.461594
 -1.14099
 -2.36016
-0.438406
 -1.14099
 -2.43192
-0.415249
 -1.13979
 -2.50359
-0.392188
 -1.13739
 -2.57513
-0.369287
 -1.13379
 -2.64648
-0.346609
   -1.129
 -2.71758
-0.324215
 -1.12302
 -2.78838
-0.302167
 -1.11586
 -2.85883
-0.280523
 -1.10752
 -2.92886
-0.259342
 -1.09801
-2.99842
-0.23868
-1.08735
-3.06744
-0.21859
-1.07554
 -3.13587
-0.199123
  -1.0626
 -3.20364
-0.180327
 -1.04853
 -3.27069
-0.162248
 -1.03336
 -3.33695
-0.144928
  -1.0171
 -3.40235
-0.128404
-0.999761
 -3.46683
-0.112712
-0.981375
  -3.53031
-0.0978826
 -0.961957
  -3.59273
-0.0839407
 -0.941531
  -3.65401
-0.0709082
 -0.920118
  -3.71408
-0.0588018
 -0.897747
 -3.77287
-0.047633
-0.874443
   -3.8303
-0.0374084
 -0.850235
  -3.8863
-0.028129
-0.825154
   -3.9408
-0.0197903
 -0.799232
  -3.99372
-0.0123825
 -0.772502
   -4.04499
-0.00588979
     -0.745
    -4.09454
-0.000291036
   -0.716762
  -4.14231
0.00444074
 -0.687828
  -4.18822
0.00833803
 -0.658236
 -4.23221
0.0114388
-0.628029
 -4.27421
0.0137864
-0.597249
 -4.31418
0.0154293
 -0.56594
 -4.35205
0.0164207
-0.534147
 -4.38778
0.0168185
-0.501917
 -4.42133
0.0166849
-0.469298
 -4.45264
0.0160859
-0.436339
 -4.48168
0.0150908
-0.403088
 -4.50843
0.0137721
-0.369596
 -4.53286
0.0122045
-0.335913
 -4.55495
 0.010465
-0.302092
  -4.57468
0.00863185
 -0.268184
  -4.59207
0.00678403
 -0.234241
  -4.60709
0.00500095
 -0.200314
  -4.61977
0.00336171
 -0.166457
   -4.6301
0.00194454
  -0.13272
   -4.63812
0.000826232
 -0.0991548
   -4.64385
8.16358e-05
  -0.065813
    -4.64731
-0.000216897
  -0.0327448
-4.64854
       0
       0

