100
   0
-0.4
   0
-0.00312004
  -0.404382
  -0.110711
-0.0137849
 -0.410357
 -0.209069
-0.0312873
 -0.417045
 -0.296198
-0.0548958
 -0.423802
 -0.373205
-0.0838998
 -0.430178
 -0.441142
-0.117635
-0.435871
-0.500994
-0.155497
-0.440698
-0.553665
-0.196944
-0.444556
-0.599977
-0.241502
-0.447407
 -0.64067
-0.288752
-0.449254
-0.676409
-0.338333
-0.450129
-0.707783
-0.389931
-0.450081
-0.735318
-0.443274
-0.449171
-0.759477
-0.498129
-0.447465
-0.780671
-0.554294
-0.445031
-0.799261
-0.611596
-0.441935
-0.815564
-0.669884
-0.438241
-0.829861
-0.729029
-0.434009
-0.842398
-0.788918
-0.429297
 -0.85339
-0.849456
-0.424154
-0.863028
-0.910559
-0.418628
-0.871477
-0.972153
-0.412762
-0.878885
 -1.03418
-0.406595
-0.885378
-1.09657
-0.40016
-0.89107
  -1.1593
 -0.39349
-0.896059
  -1.2223
-0.386611
-0.900432
 -1.28556
-0.379549
-0.904263
 -1.34903
-0.372324
-0.907619
  -1.4127
-0.364957
 -0.91056
 -1.47653
-0.357464
-0.913134
  -1.5405
-0.349862
-0.915388
  -1.6046
-0.342162
 -0.91736
 -1.66882
-0.334378
-0.919084
 -1.73312
-0.326519
-0.920591
 -1.79752
-0.318596
-0.921906
 -1.86198
-0.310615
-0.923051
 -1.92651
-0.302585
-0.924048
  -1.9911
-0.294512
-0.924913
 -2.05573
-0.286401
-0.925662
 -2.12041
-0.278258
-0.926306
 -2.18512
-0.270087
-0.926858
 -2.24986
-0.261893
-0.927327
 -2.31462
-0.253678
-0.927721
 -2.37941
-0.245447
-0.928046
 -2.44422
-0.237202
 -0.92831
 -2.50903
-0.228946
-0.928515
 -2.57386
-0.220681
-0.928666
  -2.6387
-0.212411
-0.928765
 -2.70354
-0.204137
-0.928814
 -2.76838
-0.195863
-0.928814
 -2.83323
-0.187589
-0.928765
 -2.89806
-0.179319
-0.928666
 -2.96289
-0.171054
-0.928515
 -3.02771
-0.162798
 -0.92831
 -3.09252
-0.154553
-0.928046
  -3.1573
-0.146322
-0.927721
 -3.22207
-0.138107
-0.927327
 -3.28681
-0.129913
-0.926858
 -3.35152
-0.121742
-0.926306
 -3.41619
-0.113599
-0.925662
 -3.48083
-0.105488
-0.924913
 -3.54541
-0.097415
-0.924048
  -3.60994
-0.0893849
 -0.923051
  -3.67441
-0.0814044
 -0.921906
   -3.7388
-0.0734807
 -0.920591
  -3.80311
-0.0656221
 -0.919084
  -3.86732
-0.0578378
  -0.91736
  -3.93142
-0.0501383
 -0.915388
   -3.9954
-0.0425357
 -0.913134
  -4.05923
-0.0350431
  -0.91056
 -4.12289
-0.027676
-0.907619
  -4.18637
-0.0204514
 -0.904263
  -4.24962
-0.0133888
 -0.900432
   -4.31263
-0.00651001
  -0.896059
   -4.37535
0.000160404
   -0.89107
  -4.43775
0.00659478
 -0.885378
 -4.49977
0.0127622
-0.878885
 -4.56137
 0.018628
-0.871477
 -4.62247
0.0241536
-0.863028
 -4.68301
0.0292965
 -0.85339
  -4.7429
0.0340095
-0.842398
 -4.80204
 0.038241
-0.829861
 -4.86033
0.0419348
-0.815564
 -4.91763
0.0450309
-0.799261
  -4.9738
0.0474651
-0.780671
 -5.02865
0.0491709
-0.759477
   -5.082
0.0500807
-0.735318
 -5.13359
0.0501287
-0.707783
 -5.18317
0.0492542
-0.676409
 -5.23042
0.0474072
 -0.64067
 -5.27498
0.0445561
-0.599977
 -5.31643
0.0406977
-0.553665
 -5.35429
0.0358714
-0.500994
 -5.38803
0.0301777
-0.441142
 -5.41703
 0.023802
-0.373205
 -5.44064
0.0170447
-0.296198
 -5.45814
 0.010357
-0.209069
  -5.46881
0.00438244
 -0.110711
-5.47193
       0
       0

