100
   0
-1.6
   0
0.00095313
  -1.59846
 0.0379385
0.00431861
  -1.59621
 0.0730615
0.00988389
  -1.59323
  0.105248
0.0174325
 -1.58952
 0.134389
0.0267459
 -1.58512
 0.160391
0.0376045
 -1.58005
  0.18317
0.0497894
 -1.57437
 0.202656
0.0630823
 -1.56816
 0.218789
0.0772664
 -1.56151
 0.231521
0.0921264
 -1.55451
 0.240814
0.107448
-1.54727
0.246642
0.123019
 -1.5399
0.248988
0.138627
 -1.5325
0.247845
0.154058
 -1.5252
0.243216
0.169102
-1.51811
0.235114
0.183543
-1.51132
0.223564
0.197168
-1.50495
0.208599
0.209759
-1.49909
0.190263
  0.2211
 -1.4938
0.168612
0.230971
-1.48916
0.143712
0.239152
-1.48521
0.115643
0.245426
-1.48198
0.084495
 0.249574
 -1.47948
0.0503714
 0.251383
  -1.4777
0.0133891
  0.250643
  -1.47659
-0.0263222
  0.247153
  -1.47611
-0.0686192
 0.240721
 -1.47616
-0.113345
 0.231171
 -1.47664
-0.160329
 0.218337
 -1.47742
-0.209388
 0.202077
 -1.47835
-0.260326
 0.182267
 -1.47925
-0.312934
 0.158808
 -1.47993
-0.366994
 0.131627
  -1.4802
-0.422277
 0.100678
 -1.47983
-0.478544
0.0659445
 -1.47862
-0.535551
0.0274405
 -1.47634
-0.593048
-0.0147914
  -1.47277
  -0.65078
-0.0606793
   -1.4677
 -0.708493
-0.110124
 -1.46093
 -0.76593
-0.163002
 -1.45229
-0.822839
-0.219165
  -1.4416
-0.878969
-0.278446
 -1.42872
-0.934077
-0.340664
 -1.41353
-0.987926
-0.405622
 -1.39595
 -1.04029
-0.473118
 -1.37591
 -1.09095
-0.542942
 -1.35339
  -1.1397
-0.614886
 -1.32836
 -1.18634
-0.688742
 -1.30087
  -1.2307
-0.764307
 -1.27095
 -1.27261
-0.841388
 -1.23869
 -1.31191
-0.919799
 -1.20418
 -1.34845
-0.999367
 -1.16756
 -1.38212
-1.07993
-1.12895
 -1.4128
-1.16134
-1.08853
-1.44038
-1.24347
-1.04646
-1.46478
-1.32618
-1.00293
-1.48592
 -1.40937
-0.958153
 -1.50374
 -1.49294
-0.912327
 -1.51817
 -1.5768
-0.86567
-1.52919
 -1.66086
-0.818405
 -1.53675
 -1.74504
-0.770758
 -1.54084
 -1.82927
-0.722956
 -1.54144
-1.91348
-0.67523
-1.53856
 -1.99759
-0.627807
 -1.53219
 -2.08153
-0.580916
 -1.52236
 -2.16521
-0.534779
  -1.5091
 -2.24854
-0.489614
 -1.49244
 -2.33143
-0.445635
 -1.47244
 -2.41377
-0.403042
 -1.44916
-2.49544
-0.36203
-1.42266
 -2.57632
-0.322778
 -1.39304
 -2.65625
-0.285452
 -1.36039
 -2.73507
-0.250201
 -1.32482
 -2.81263
-0.217153
 -1.28646
 -2.88874
-0.186418
 -1.24543
-2.96321
-0.15808
 -1.2019
-3.03584
 -0.1322
-1.15603
-3.10641
-0.10881
-1.10798
  -3.17474
-0.0879163
  -1.05796
  -3.24059
-0.0694946
  -1.00616
 -3.30378
-0.053493
-0.952795
  -3.36409
-0.0398306
 -0.898095
  -3.42135
-0.0283994
  -0.84229
  -3.47538
-0.0190655
 -0.785621
  -3.52602
-0.0116717
 -0.728338
   -3.57315
-0.00604061
  -0.670692
   -3.61665
-0.00197776
  -0.612937
   -3.65645
0.000724067
   -0.55533
  -3.69248
0.00228079
 -0.498126
  -3.72474
0.00291255
 -0.441576
  -3.75321
0.00283921
 -0.385927
 -3.77795
 0.002276
-0.331419
  -3.79901
0.00142935
 -0.278285
  -3.81648
0.00049314
 -0.226747
    -3.83048
-0.000354672
   -0.177017
    -3.84114
-0.000954836
   -0.129296
   -3.84863
-0.00116903
 -0.0837722
    -3.85311
-0.000881487
  -0.0406196
-3.85478
       0
       0

