100
 0
-2
 0
0.00146404
  -1.99823
 0.0540823
0.00638466
  -1.99538
  0.105298
0.0145151
 -1.99136
  0.15346
0.0255997
  -1.9861
 0.198404
0.0393778
 -1.97956
 0.239977
0.0555871
 -1.97174
 0.278049
0.0739666
 -1.96268
 0.312501
0.0942589
 -1.95243
 0.343234
0.116211
-1.94109
0.370159
0.139578
-1.92875
0.393205
0.164118
-1.91555
 0.41231
0.189599
-1.90162
0.427425
0.215791
-1.88714
0.438514
0.242471
-1.87226
 0.44555
0.269418
-1.85717
0.448515
0.296416
-1.84203
0.447402
0.323245
-1.82703
0.442215
0.349686
-1.81235
0.432965
0.375518
-1.79815
0.419675
0.400514
 -1.7846
0.402378
0.424443
-1.77185
0.381116
0.447068
-1.76004
0.355945
0.468146
-1.74928
0.326933
0.487426
-1.73968
0.294159
0.504654
-1.73129
0.257719
0.519569
-1.72417
0.217721
 0.53191
-1.71832
0.174291
0.541415
-1.71374
0.127572
 0.547825
 -1.71038
0.0777216
 0.55089
-1.70813
0.024918
 0.550369
 -1.70689
-0.030644
  0.546037
  -1.70648
-0.0887514
 0.537693
 -1.70673
-0.149173
 0.525156
 -1.70741
-0.211663
  0.50828
 -1.70826
-0.275955
 0.486951
 -1.70901
-0.341774
 0.461091
 -1.70937
-0.408828
 0.430665
 -1.70904
-0.476816
 0.395679
 -1.70768
-0.545429
 0.356179
 -1.70501
-0.614352
 0.312257
 -1.70071
-0.683268
0.264041
-1.69449
-0.75186
 0.211697
 -1.68609
-0.819812
 0.155425
 -1.67526
-0.886816
0.0954504
  -1.6618
-0.952571
0.032023
-1.64553
-1.01679
-0.0345919
  -1.62632
  -1.07919
-0.104119
 -1.60408
 -1.13951
-0.176277
 -1.57874
 -1.19751
-0.250788
  -1.5503
 -1.25295
-0.327378
 -1.51878
 -1.30562
-0.405786
 -1.48425
 -1.35533
-0.485764
  -1.4468
  -1.4019
-0.567083
 -1.40656
 -1.44518
-0.649532
 -1.36369
 -1.48502
-0.732921
 -1.31837
 -1.52129
-0.817081
  -1.2708
  -1.5539
-0.901865
 -1.22121
 -1.58274
-0.987145
 -1.16982
 -1.60773
-1.07281
-1.11688
-1.62881
-1.15877
-1.06266
-1.64593
-1.24495
-1.00741
-1.65903
 -1.33127
-0.951415
  -1.6681
 -1.41769
-0.894938
  -1.6731
 -1.50414
-0.838259
 -1.67403
 -1.59058
-0.781656
 -1.67088
 -1.67695
-0.725405
 -1.66366
  -1.7632
-0.669784
 -1.65238
 -1.84927
-0.615063
 -1.63708
-1.93508
-0.56151
 -1.6178
 -2.02055
-0.509387
 -1.59457
 -2.10558
-0.458945
 -1.56747
 -2.19004
-0.410426
 -1.53657
  -2.2738
-0.364058
 -1.50195
-2.35669
-0.32005
-1.46372
 -2.43855
-0.278595
 -1.42199
 -2.51917
-0.239861
 -1.37689
-2.59832
-0.20399
-1.32859
 -2.67576
-0.171093
 -1.27724
-2.75125
-0.14125
-1.22303
 -2.82452
-0.114502
 -1.16617
  -2.89527
-0.0908564
  -1.10687
  -2.96325
-0.0702762
  -1.04538
 -3.02815
-0.052686
-0.981959
 -3.08973
-0.037969
-0.916868
  -3.14771
-0.0259692
 -0.850394
  -3.20187
-0.0164933
 -0.782835
   -3.25198
-0.00931444
  -0.714496
   -3.29788
-0.00417631
  -0.645688
     -3.3394
-0.000798871
   -0.576728
  -3.37644
0.00111566
 -0.507935
  -3.40895
0.00187613
 -0.439624
  -3.43688
0.00179542
 -0.372108
  -3.46026
0.00118356
 -0.305692
   -3.47915
0.000340883
   -0.24067
    -3.49364
-0.000448177
   -0.177328
    -3.50387
-0.000920728
   -0.115935
       -3.51
-0.000840167
  -0.0567461
-3.51222
       0
       0

