100
    0
-0.95
    0
-0.00106247
  -0.949573
  -0.026571
-0.00394786
  -0.949573
 -0.0540223
-0.00872484
  -0.949964
 -0.0822993
-0.0154578
 -0.950702
 -0.111345
-0.0242063
 -0.951738
 -0.141102
-0.035025
-0.953018
-0.171508
-0.0479626
 -0.954483
   -0.2025
-0.063062
-0.956071
-0.234015
-0.0803596
 -0.957714
 -0.265985
-0.0998853
 -0.959344
 -0.298344
-0.121662
-0.960887
-0.331022
-0.145705
-0.962271
-0.363951
-0.172022
-0.963419
-0.397059
-0.200615
-0.964256
-0.430275
-0.231478
-0.964707
-0.463528
-0.264595
-0.964697
-0.496746
-0.299947
-0.964153
-0.529858
-0.337505
-0.963006
-0.562793
-0.377234
-0.961188
-0.595479
-0.419093
-0.958635
-0.627849
-0.463035
-0.955289
-0.659831
-0.509007
-0.951095
 -0.69136
 -0.55695
-0.946004
-0.722369
-0.606803
-0.939972
-0.752792
-0.658499
-0.932964
-0.782569
-0.711967
-0.924948
-0.811636
-0.767134
-0.915899
-0.839937
-0.823925
-0.905801
-0.867413
-0.882261
-0.894644
 -0.89401
-0.942064
-0.882422
-0.919677
 -1.00325
-0.869141
-0.944363
 -1.06575
-0.854809
-0.968021
 -1.12947
-0.839442
-0.990607
 -1.19434
-0.823065
 -1.01208
 -1.26028
-0.805706
  -1.0324
 -1.3272
 -0.7874
-1.05152
 -1.39503
-0.768187
 -1.06942
  -1.4637
-0.748113
 -1.08607
 -1.53312
-0.727229
 -1.10143
-1.60323
-0.70559
-1.11547
 -1.67396
-0.683256
 -1.12818
 -1.74524
-0.660289
 -1.13953
 -1.81699
-0.636755
  -1.1495
 -1.88915
-0.612726
 -1.15808
 -1.96165
-0.588271
 -1.16525
 -2.03444
-0.563467
   -1.171
 -2.10744
-0.538388
 -1.17532
 -2.18059
-0.513112
 -1.17821
 -2.25384
-0.487717
 -1.17965
 -2.32712
-0.462283
 -1.17965
 -2.40037
-0.436888
 -1.17821
 -2.47353
-0.411612
 -1.17532
 -2.54653
-0.386533
   -1.171
 -2.61931
-0.361729
 -1.16525
 -2.69182
-0.337274
 -1.15808
 -2.76398
-0.313245
  -1.1495
 -2.83573
-0.289711
 -1.13953
   -2.907
-0.266744
 -1.12818
-2.97773
-0.24441
-1.11547
 -3.04784
-0.222771
 -1.10143
 -3.11727
-0.201887
 -1.08607
 -3.18593
-0.181813
 -1.06942
-3.25377
 -0.1626
-1.05152
 -3.32069
-0.144294
  -1.0324
 -3.38662
-0.126935
 -1.01208
 -3.45149
-0.110558
-0.990607
  -3.51521
-0.0951915
 -0.968021
  -3.57771
-0.0808593
 -0.944363
   -3.6389
-0.0675776
 -0.919677
   -3.6987
-0.0553563
  -0.89401
  -3.75704
-0.0441985
 -0.867413
  -3.81383
-0.0341007
 -0.839937
    -3.869
-0.0250523
 -0.811636
  -3.92246
-0.0170359
 -0.782569
  -3.97416
-0.0100275
 -0.752792
   -4.02401
-0.00399639
  -0.722369
  -4.07196
0.00109465
  -0.69136
  -4.11793
0.00528882
 -0.659831
  -4.16187
0.00863509
 -0.627849
 -4.20373
0.0111878
-0.595479
 -4.24346
 0.013006
-0.562793
 -4.28102
0.0141533
-0.529858
 -4.31637
0.0146969
-0.496746
 -4.34949
 0.014707
-0.463528
 -4.38035
0.0142562
-0.430275
 -4.40894
0.0134191
-0.397059
 -4.43526
0.0122709
-0.363951
  -4.4593
0.0108875
-0.331022
  -4.48108
0.00934389
 -0.298344
   -4.5006
0.00771426
 -0.265985
  -4.5179
0.0060708
-0.234015
   -4.533
0.0044832
  -0.2025
  -4.54594
0.00301806
 -0.171508
  -4.55676
0.00173823
 -0.141102
   -4.56551
0.000702383
  -0.111345
    -4.57224
-3.55147e-05
  -0.0822993
    -4.57702
-0.000426574
  -0.0540223
     -4.5799
-0.000427328
   -0.026571
-4.58096
       0
       0

