100
   0
-0.2
   0
-0.00392183
  -0.207214
  -0.144897
-0.0179273
  -0.21655
 -0.268618
-0.0407686
 -0.226516
  -0.37372
-0.0711643
 -0.236142
 -0.462673
-0.107916
-0.244846
-0.537754
-0.149962
-0.252322
-0.601004
-0.196391
-0.258448
-0.654214
-0.246438
-0.263221
-0.698933
-0.299467
-0.266703
 -0.73649
-0.354955
-0.268997
-0.768017
 -0.41247
-0.270219
-0.794473
-0.471661
-0.270492
-0.816667
-0.532236
-0.269934
-0.835284
-0.593958
-0.268655
-0.850897
-0.656632
-0.266753
-0.863991
-0.720096
-0.264318
-0.874971
-0.784217
-0.261428
-0.884178
-0.848885
 -0.25815
-0.891898
-0.914009
-0.254543
-0.898371
-0.979513
-0.250658
-0.903799
 -1.04533
-0.246537
 -0.90835
 -1.11142
-0.242217
-0.912165
 -1.17773
 -0.23773
-0.915365
 -1.24422
-0.233101
-0.918047
 -1.31087
-0.228353
-0.920296
 -1.37765
-0.223506
-0.922181
 -1.44453
-0.218574
-0.923762
 -1.51151
-0.213572
-0.925087
 -1.57856
 -0.20851
-0.926198
 -1.64568
-0.203398
-0.927129
 -1.71285
-0.198245
 -0.92791
 -1.78007
-0.193057
-0.928564
 -1.84732
-0.187839
-0.929112
  -1.9146
-0.182596
-0.929571
 -1.98191
-0.177333
-0.929955
 -2.04924
-0.172052
-0.930276
 -2.11659
-0.166757
-0.930545
 -2.18396
 -0.16145
-0.930769
 -2.25134
-0.156133
-0.930956
 -2.31873
-0.150807
-0.931112
 -2.38613
-0.145475
 -0.93124
 -2.45353
-0.140136
-0.931346
 -2.52094
-0.134793
-0.931432
 -2.58836
-0.129446
-0.931502
 -2.65578
-0.124096
-0.931557
  -2.7232
-0.118744
-0.931599
 -2.79063
 -0.11339
-0.931629
 -2.85805
-0.108034
-0.931649
 -2.92548
-0.102678
-0.931659
  -2.99291
-0.0973218
 -0.931659
  -3.06033
-0.0919657
 -0.931649
  -3.12776
-0.0866103
 -0.931629
  -3.19519
-0.0812562
 -0.931599
  -3.26261
-0.0759038
 -0.931557
  -3.33003
-0.0705538
 -0.931502
  -3.39745
-0.0652069
 -0.931432
  -3.46486
-0.0598638
 -0.931346
  -3.53226
-0.0545254
  -0.93124
  -3.59966
-0.0491928
 -0.931112
  -3.66705
-0.0438671
 -0.930956
  -3.73443
-0.0385499
 -0.930769
  -3.80179
-0.0332427
 -0.930545
  -3.86914
-0.0279477
 -0.930276
  -3.93647
-0.0226671
 -0.929955
  -4.00378
-0.0174039
 -0.929571
  -4.07107
-0.0121613
 -0.929112
   -4.13832
-0.00694345
  -0.928564
   -4.20554
-0.00175499
   -0.92791
  -4.27271
0.00339839
 -0.927129
  -4.33982
0.00850994
 -0.926198
 -4.40688
0.0135717
-0.925087
 -4.47385
0.0185741
-0.923762
 -4.54074
0.0235058
-0.922181
 -4.60752
0.0283534
-0.920296
 -4.67417
0.0331011
-0.918047
 -4.74066
0.0377298
-0.915365
 -4.80697
0.0422173
-0.912165
-4.87305
0.046537
-0.90835
 -4.93887
 0.050658
-0.903799
 -5.00438
0.0545434
-0.898371
  -5.0695
0.0581501
-0.891898
 -5.13417
 0.061428
-0.884178
 -5.19829
0.0643183
-0.874971
 -5.26175
0.0667531
-0.863991
 -5.32443
0.0686547
-0.850897
 -5.38615
0.0699342
-0.835284
 -5.44673
0.0704923
-0.816667
 -5.50592
0.0702191
-0.794473
 -5.56343
0.0689967
-0.768017
 -5.61892
0.0667034
 -0.73649
 -5.67195
0.0632211
-0.698933
   -5.722
0.0584485
-0.654214
 -5.76843
0.0523216
-0.601004
 -5.81047
0.0448455
-0.537754
 -5.84722
 0.036142
-0.462673
 -5.87762
0.0265164
 -0.37372
 -5.90046
0.0165497
-0.268618
  -5.91447
0.00721384
 -0.144897
-5.91839
       0
       0

