100
   0
-0.3
   0
-0.00350495
  -0.305741
  -0.127459
-0.0157792
 -0.313328
 -0.238456
-0.0358666
 -0.321603
 -0.334743
-0.0627828
 -0.329765
 -0.418022
-0.095589
-0.337293
 -0.48989
 -0.13343
-0.343876
-0.551807
-0.175551
-0.349352
-0.605084
-0.221297
 -0.35366
-0.650884
-0.270108
-0.356808
 -0.69023
-0.321508
-0.358847
-0.724014
-0.375095
 -0.35985
-0.753012
 -0.43053
-0.359906
-0.777894
-0.487529
-0.359104
 -0.79924
-0.545853
-0.357536
 -0.81755
-0.605299
-0.355288
-0.833255
-0.665698
 -0.35244
-0.846723
-0.726907
-0.349065
-0.858272
-0.788803
 -0.34523
-0.868176
-0.851286
-0.340993
-0.876669
-0.914268
-0.336408
-0.883951
-0.977676
 -0.33152
-0.890194
 -1.04145
-0.326371
-0.895548
 -1.10553
-0.320995
-0.900138
 -1.16987
-0.315423
-0.904073
 -1.23445
-0.309683
-0.907447
 -1.29921
-0.303798
-0.910339
 -1.36414
-0.297788
-0.912818
 -1.42922
 -0.29167
-0.914943
 -1.49441
 -0.28546
-0.916765
 -1.55971
-0.279171
-0.918326
 -1.62509
-0.272813
-0.919663
 -1.69056
-0.266397
-0.920808
 -1.75608
 -0.25993
-0.921789
 -1.82167
-0.253421
-0.922628
  -1.8873
-0.246874
-0.923346
 -1.95297
-0.240296
-0.923959
 -2.01867
-0.233691
-0.924482
 -2.08441
-0.227063
-0.924928
 -2.15017
-0.220416
-0.925306
 -2.21595
-0.213752
-0.925627
 -2.28175
-0.207073
-0.925897
 -2.34756
-0.200384
-0.926122
 -2.41339
-0.193684
 -0.92631
 -2.47923
-0.186976
-0.926463
 -2.54507
-0.180261
-0.926585
 -2.61092
-0.173542
-0.926679
 -2.67678
-0.166818
-0.926748
 -2.74264
-0.160092
-0.926793
  -2.8085
-0.153364
-0.926816
 -2.87437
-0.146636
-0.926816
 -2.94023
-0.139908
-0.926793
 -3.00609
-0.133182
-0.926748
 -3.07195
-0.126458
-0.926679
  -3.1378
-0.119739
-0.926585
 -3.20364
-0.113024
-0.926463
 -3.26948
-0.106316
 -0.92631
  -3.33531
-0.0996165
 -0.926122
  -3.40112
-0.0929265
 -0.925897
  -3.46692
-0.0862483
 -0.925627
   -3.5327
-0.0795842
 -0.925306
  -3.59846
-0.0729367
 -0.924928
   -3.6642
-0.0663087
 -0.924482
   -3.7299
-0.0597038
 -0.923959
  -3.79557
-0.0531258
 -0.923346
   -3.8612
-0.0465794
 -0.922628
  -3.92679
-0.0400698
 -0.921789
  -3.99231
-0.0336033
 -0.920808
 -4.05778
-0.027187
-0.919663
  -4.12316
-0.0208293
 -0.918326
  -4.18846
-0.0145398
 -0.916765
  -4.25365
-0.0083297
 -0.914943
   -4.31873
-0.00221206
  -0.912818
  -4.38366
0.00379804
 -0.910339
  -4.44842
0.00968316
 -0.907447
   -4.513
0.0154231
-0.904073
 -4.57734
0.0209945
-0.900138
 -4.64142
0.0263705
-0.895548
 -4.70519
0.0315202
-0.890194
  -4.7686
 0.036408
-0.883951
 -4.83158
0.0409933
-0.876669
 -4.89407
0.0452299
-0.868176
 -4.95596
0.0490652
-0.858272
 -5.01717
0.0524401
-0.846723
 -5.07757
0.0552882
-0.833255
 -5.13702
0.0575363
 -0.81755
 -5.19534
0.0591042
 -0.79924
 -5.25234
0.0599056
-0.777894
 -5.30777
0.0598501
-0.753012
 -5.36136
0.0588466
-0.724014
-5.41276
0.056808
-0.69023
 -5.46157
0.0536597
-0.650884
 -5.50732
0.0493517
-0.605084
 -5.54944
0.0438762
-0.551807
 -5.58728
0.0372931
 -0.48989
 -5.62009
0.0297648
-0.418022
   -5.647
 0.021603
-0.334743
 -5.66709
0.0133282
-0.238456
 -5.67936
0.0057411
-0.127459
-5.68287
       0
       0

