100
    0
-0.15
    0
-0.00414953
  -0.157998
  -0.154038
-0.0190882
 -0.168267
 -0.284266
-0.043402
-0.179124
-0.393726
-0.0756403
 -0.189505
 -0.485347
 -0.11446
-0.198803
-0.561811
-0.158689
-0.206724
-0.625492
-0.207336
-0.213173
 -0.67845
-0.259582
-0.218178
-0.722447
-0.314757
-0.221835
-0.758974
-0.372317
-0.224273
-0.789285
 -0.43182
 -0.22563
-0.814429
 -0.49291
-0.226044
-0.835281
-0.555296
-0.225647
-0.852573
-0.618745
-0.224554
 -0.86691
-0.683065
-0.222871
-0.878796
-0.748101
-0.220689
 -0.88865
-0.813726
-0.218086
-0.896819
-0.879835
-0.215131
-0.903591
-0.946344
-0.211879
-0.909204
 -1.01318
 -0.20838
-0.913857
 -1.08029
-0.204674
-0.917715
 -1.14763
-0.200796
-0.920912
 -1.21515
-0.196775
-0.923563
 -1.28283
-0.192635
 -0.92576
 -1.35063
-0.188395
-0.927581
 -1.41854
-0.184073
 -0.92909
 -1.48653
-0.179682
-0.930342
  -1.5546
-0.175235
-0.931379
 -1.62273
 -0.17074
-0.932238
  -1.6909
-0.166206
-0.932951
 -1.75912
 -0.16164
-0.933541
 -1.82737
-0.157046
 -0.93403
 -1.89565
 -0.15243
-0.934436
 -1.96395
-0.147796
-0.934771
 -2.03228
-0.143147
-0.935049
 -2.10061
-0.138484
-0.935279
 -2.16896
-0.133811
 -0.93547
 -2.23733
 -0.12913
-0.935627
  -2.3057
-0.124441
-0.935756
 -2.37408
-0.119746
-0.935863
 -2.44246
-0.115047
 -0.93595
 -2.51085
-0.110343
-0.936022
 -2.57924
-0.105636
-0.936079
 -2.64764
-0.100927
-0.936125
  -2.71604
-0.0962156
 -0.936162
  -2.78444
-0.0915026
 -0.936189
  -2.85284
-0.0867884
 -0.936209
  -2.92125
-0.0820733
 -0.936222
  -2.98965
-0.0773578
 -0.936228
  -3.05806
-0.0726422
 -0.936228
  -3.12646
-0.0679267
 -0.936222
  -3.19487
-0.0632116
 -0.936209
  -3.26327
-0.0584974
 -0.936189
  -3.33167
-0.0537844
 -0.936162
 -3.40007
-0.049073
-0.936125
  -3.46847
-0.0443636
 -0.936079
  -3.53686
-0.0396569
 -0.936022
  -3.60525
-0.0349533
  -0.93595
  -3.67363
-0.0302538
 -0.935863
  -3.74201
-0.0255591
 -0.935756
  -3.81038
-0.0208703
 -0.935627
  -3.87874
-0.0161887
  -0.93547
   -3.9471
-0.0115158
 -0.935279
   -4.01543
-0.00685347
  -0.935049
   -4.08376
-0.00220382
  -0.934771
  -4.15206
0.00243048
 -0.934436
  -4.22034
0.00704625
  -0.93403
 -4.28859
0.0116397
-0.933541
 -4.35681
0.0162061
-0.932951
 -4.42498
0.0207401
-0.932238
 -4.49311
0.0252348
-0.931379
 -4.56118
0.0296823
-0.930342
-4.62917
0.034073
-0.92909
 -4.69708
0.0383951
-0.927581
 -4.76488
0.0426348
 -0.92576
 -4.83256
0.0467753
-0.923563
 -4.90008
0.0507964
-0.920912
 -4.96742
0.0546741
-0.917715
 -5.03453
0.0583797
-0.913857
 -5.10136
0.0618788
-0.909204
 -5.16787
0.0651305
-0.903591
 -5.23398
0.0680864
-0.896819
 -5.29961
0.0706891
 -0.88865
 -5.36464
0.0728713
-0.878796
 -5.42896
0.0745543
 -0.86691
 -5.49241
0.0756467
-0.852573
  -5.5548
0.0760444
-0.835281
 -5.61589
0.0756296
-0.814429
 -5.67539
0.0742727
-0.789285
 -5.73295
0.0718354
-0.758974
 -5.78813
0.0681782
-0.722447
 -5.84037
0.0631727
 -0.67845
 -5.88902
0.0567236
-0.625492
 -5.93325
 0.048803
-0.561811
 -5.97207
0.0395049
-0.485347
 -6.00431
0.0291238
-0.393726
 -6.02862
 0.018267
-0.284266
  -6.04356
0.00799801
 -0.154038
-6.04771
       0
       0

