100
   0
-1.7
   0
0.00110037
  -1.69839
  0.042558
0.00491336
  -1.69598
 0.0822869
0.0112182
 -1.69272
 0.119048
0.019789
-1.68859
0.152718
0.0303972
  -1.6836
 0.183185
0.0428133
  -1.6778
 0.210353
0.0568085
 -1.67122
 0.234137
0.0721552
 -1.66394
 0.254467
0.0886285
 -1.65605
 0.271282
0.106005
-1.64765
0.284535
0.124066
-1.63885
0.294187
0.142592
-1.62977
0.300212
0.161366
-1.62054
0.302593
0.180174
-1.61129
0.301323
0.198798
-1.60216
0.296407
0.217023
-1.59326
0.287858
0.234632
-1.58472
0.275699
0.251404
-1.57666
0.259964
0.267117
-1.56919
0.240699
0.281548
-1.56239
 0.21796
 0.29447
-1.55634
0.191815
0.305653
 -1.5511
0.162343
0.314869
-1.54671
0.129638
 0.321888
 -1.54318
0.0938063
 0.326484
 -1.54051
0.0549674
 0.328433
 -1.53867
0.0132558
0.327521
-1.53758
-0.03118
  0.323541
  -1.53718
-0.0781765
   0.3163
 -1.53733
-0.127556
  0.30562
 -1.53792
-0.179126
 0.291344
 -1.53876
-0.232681
 0.273336
 -1.53967
-0.288001
 0.251487
 -1.54045
-0.344856
 0.225714
 -1.54088
-0.403002
 0.195968
 -1.54072
-0.462189
 0.162227
 -1.53973
-0.522155
 0.124507
 -1.53768
-0.582637
0.0828527
  -1.5343
-0.643364
 0.037342
 -1.52938
-0.704064
-0.0119167
   -1.5227
 -0.764466
-0.0647873
  -1.51404
 -0.824301
-0.121109
 -1.50323
-0.883304
-0.180698
  -1.4901
-0.941218
-0.243356
 -1.47453
-0.997791
-0.308869
 -1.45643
 -1.05278
-0.377015
  -1.4357
 -1.10597
-0.447568
 -1.41233
 -1.15713
 -0.5203
-1.38631
-1.20606
-0.594987
 -1.35765
 -1.25256
-0.671414
 -1.32642
 -1.29648
-0.749371
 -1.29269
 -1.33764
-0.828662
 -1.25658
  -1.3759
-0.909106
 -1.21822
 -1.41113
-0.990532
 -1.17775
 -1.44322
-1.07279
-1.13536
-1.47204
-1.15574
-1.09123
-1.49753
-1.23925
-1.04556
 -1.5196
 -1.32322
-0.998564
 -1.53817
 -1.40755
-0.950462
 -1.55321
 -1.49215
-0.901487
 -1.56467
 -1.57694
-0.851871
 -1.57251
 -1.66184
-0.801856
 -1.57672
 -1.74678
-0.751683
 -1.57727
  -1.8317
-0.701594
 -1.57418
 -1.91653
-0.651831
 -1.56744
  -2.0012
-0.602636
 -1.55709
 -2.08562
-0.554243
 -1.54313
 -2.16971
-0.506886
 -1.52563
 -2.25337
-0.460788
 -1.50462
  -2.3365
-0.416166
 -1.48017
 -2.41899
-0.373224
 -1.45235
 -2.50068
-0.332155
 -1.42125
 -2.58144
-0.293135
 -1.38696
  -2.6611
-0.256324
 -1.34961
 -2.73949
-0.221859
 -1.30932
  -2.8164
-0.189857
 -1.26623
 -2.89164
-0.160408
 -1.22049
 -2.96499
-0.133576
 -1.17228
 -3.03623
-0.109395
 -1.12178
  -3.10514
-0.0878684
  -1.06919
  -3.17147
-0.0689689
  -1.01472
  -3.23502
-0.0526366
 -0.958606
  -3.29557
-0.0387804
 -0.901074
  -3.35291
-0.0272791
 -0.842376
  -3.40685
-0.0179828
 -0.782767
  -3.45722
-0.0107162
 -0.722509
   -3.50389
-0.00528126
  -0.661871
   -3.54673
-0.00146184
  -0.601124
   -3.58565
0.000972286
  -0.540539
  -3.62061
0.00226044
 -0.480387
  -3.65157
0.00264597
 -0.420935
  -3.67855
0.00237124
 -0.362444
  -3.70159
0.00167264
  -0.30517
   -3.72076
0.000775988
  -0.249357
    -3.73615
-0.000107738
   -0.195241
    -3.74791
-0.000786037
   -0.143044
   -3.75619
-0.00108795
 -0.0929758
    -3.76114
-0.000866424
  -0.0452338
-3.76296
       0
       0

