100
    0
-2.05
    0
0.0015169
  -2.0482
0.0557715
0.00659878
  -2.04529
   0.10867
0.0149944
 -2.04115
 0.158502
0.0264429
 -2.03571
 0.205094
0.0406778
 -2.02893
  0.24829
0.0574311
  -2.0208
 0.287953
0.0764361
 -2.01135
  0.32396
 0.09743
-2.00063
0.356206
0.120155
-1.98874
0.384601
0.144362
-1.97578
0.409068
0.169805
-1.96187
0.429544
 0.19625
-1.94717
0.445977
0.223464
-1.93184
0.458328
0.251225
-1.91605
0.466566
 0.27931
-1.89999
0.470672
0.307503
-1.88383
0.470638
0.335585
-1.86777
0.466462
0.363338
-1.85198
0.458156
0.390542
-1.83666
0.445737
0.416971
-1.82198
0.429237
0.442396
-1.80809
0.408694
 0.46658
-1.79514
0.384161
0.489279
-1.78326
0.355701
0.510242
-1.77257
0.323391
0.529211
-1.76314
0.287323
0.545925
-1.75503
  0.2476
0.560116
-1.74827
0.204346
0.571516
-1.74285
0.157699
0.579858
-1.73874
0.107814
0.584883
-1.73585
0.054867
    0.586338
    -1.73406
-0.000950603
  0.583988
  -1.73324
-0.0594269
 0.577616
 -1.73319
-0.120332
 0.567028
 -1.73369
-0.183418
 0.552062
 -1.73449
-0.248422
 0.532588
 -1.73531
-0.315062
 0.508515
 -1.73585
-0.383046
 0.479794
  -1.7358
-0.452068
 0.446416
 -1.73483
-0.521814
 0.408418
 -1.73262
-0.591964
 0.365881
 -1.72886
-0.662192
 0.318928
 -1.72323
-0.732174
 0.267719
 -1.71545
-0.801586
0.212452
-1.70527
-0.87011
 0.153353
 -1.69246
-0.937437
0.0906753
 -1.67683
 -1.00327
0.0246884
 -1.65822
 -1.06731
-0.0443247
  -1.63653
  -1.12931
-0.116075
 -1.61169
 -1.18899
-0.190275
 -1.58368
 -1.24612
-0.266641
  -1.5525
 -1.30048
 -0.3449
-1.51823
-1.35186
-0.424795
 -1.48094
  -1.4001
-0.506085
 -1.44076
 -1.44501
-0.588549
 -1.39785
 -1.48646
-0.67199
-1.35239
 -1.5243
-0.75623
-1.30457
-1.55844
-0.841116
 -1.25462
 -1.58877
-0.926514
 -1.20278
 -1.61521
-1.01231
-1.14929
-1.63769
-1.09841
-1.09442
-1.65615
-1.18473
-1.03844
-1.67055
 -1.27121
-0.981616
 -1.68085
-1.35779
-0.92423
-1.68702
 -1.44442
-0.866563
 -1.68906
 -1.53104
-0.808899
 -1.68695
-1.61762
-0.75152
-1.68071
 -1.70409
-0.694707
 -1.67034
-1.79041
-0.63874
-1.65588
 -1.87651
-0.583892
 -1.63735
  -1.9623
-0.530431
 -1.61481
 -2.04769
-0.478618
  -1.5883
 -2.13257
-0.428703
 -1.55791
  -2.2168
-0.380923
 -1.52371
 -2.30022
-0.335498
  -1.4858
 -2.38267
-0.292632
 -1.44429
 -2.46394
-0.252502
 -1.39932
 -2.54381
-0.215263
 -1.35104
 -2.62204
-0.181038
  -1.2996
 -2.69837
-0.149918
 -1.24519
 -2.77253
-0.121957
 -1.18801
  -2.84424
-0.0971697
  -1.12829
   -2.9132
-0.0755316
  -1.06627
  -2.97914
-0.0569746
  -1.00219
  -3.04176
-0.0413885
 -0.936329
  -3.10079
-0.0286218
  -0.86898
    -3.156
-0.0184836
 -0.800438
  -3.20714
-0.0107469
 -0.731014
   -3.25402
-0.00515299
  -0.661025
   -3.29648
-0.00141672
  -0.590796
    -3.3344
0.000766962
   -0.52065
   -3.3677
0.00171636
 -0.450914
  -3.39635
0.00175567
 -0.381906
  -3.42034
0.00120769
 -0.313942
  -3.43974
0.00038662
 -0.247327
    -3.45463
-0.000408612
   -0.182353
    -3.46515
-0.000900407
   -0.119301
    -3.47145
-0.000837668
  -0.0584339
-3.47374
       0
       0

