100
   0
-0.6
   0
-0.00237314
  -0.602022
 -0.0779244
-0.00999171
  -0.605171
  -0.150178
-0.0225435
 -0.609004
 -0.217077
-0.0397004
 -0.613156
 -0.278944
-0.0611297
 -0.617333
 -0.336096
-0.0865034
   -0.6213
 -0.388845
-0.115504
-0.624877
-0.437493
-0.147829
-0.627927
-0.482327
-0.183194
-0.630349
-0.523624
-0.221333
-0.632074
-0.561643
-0.261999
-0.633059
 -0.59663
-0.304966
-0.633277
-0.628814
-0.350025
-0.632721
-0.658409
-0.396985
-0.631394
-0.685617
-0.445672
-0.629309
-0.710623
 -0.49593
-0.626487
  -0.7336
-0.547613
-0.622954
-0.754706
-0.600591
-0.618739
-0.774091
-0.654746
-0.613873
-0.791889
-0.709971
-0.608391
-0.808228
-0.766167
-0.602326
-0.823223
-0.823247
-0.595713
-0.836981
-0.881131
-0.588585
  -0.8496
-0.939744
-0.580975
 -0.86117
-0.999023
-0.572916
-0.871774
 -1.05891
-0.564439
-0.881489
 -1.11934
-0.555572
-0.890384
 -1.18027
-0.546345
-0.898524
 -1.24166
-0.536785
-0.905967
 -1.30346
-0.526916
-0.912766
 -1.36563
-0.516763
-0.918972
 -1.42815
-0.506349
-0.924628
 -1.49097
-0.495694
-0.929775
 -1.55407
-0.484821
-0.934452
 -1.61743
-0.473747
-0.938691
 -1.68101
 -0.46249
-0.942523
  -1.7448
-0.451068
-0.945977
 -1.80878
-0.439496
-0.949076
 -1.87291
 -0.42779
-0.951844
  -1.9372
-0.415964
-0.954301
 -2.00161
-0.404031
-0.956463
 -2.06614
-0.392005
-0.958348
 -2.13076
-0.379897
-0.959968
 -2.19546
 -0.36772
-0.961336
 -2.26024
-0.355485
-0.962461
 -2.32507
-0.343203
-0.963351
 -2.38994
-0.330885
-0.964013
 -2.45484
-0.318541
-0.964452
 -2.51977
-0.306182
-0.964671
 -2.58469
-0.293818
-0.964671
 -2.64962
-0.281459
-0.964452
 -2.71452
-0.269115
-0.964013
 -2.77939
-0.256797
-0.963351
 -2.84422
-0.244515
-0.962461
   -2.909
 -0.23228
-0.961336
  -2.9737
-0.220103
-0.959968
 -3.03833
-0.207995
-0.958348
 -3.10285
-0.195969
-0.956463
 -3.16726
-0.184036
-0.954301
 -3.23155
 -0.17221
-0.951844
 -3.29568
-0.160504
-0.949076
 -3.35966
-0.148932
-0.945977
 -3.42345
 -0.13751
-0.942523
 -3.48703
-0.126253
-0.938691
 -3.55039
-0.115179
-0.934452
 -3.61349
-0.104306
-0.929775
  -3.67632
-0.0936515
 -0.924628
  -3.73883
-0.0832372
 -0.918972
  -3.80101
-0.0730843
 -0.912766
   -3.8628
-0.0632154
 -0.905967
  -3.92419
-0.0536547
 -0.898524
  -3.98512
-0.0444277
 -0.890384
  -4.04556
-0.0355613
 -0.881489
  -4.10544
-0.0270838
 -0.871774
  -4.16472
-0.0190248
  -0.86117
  -4.22333
-0.0114153
   -0.8496
   -4.28121
-0.00428735
  -0.836981
  -4.33829
0.00232596
 -0.823223
  -4.39449
0.00839082
 -0.808228
 -4.44972
0.0138731
-0.791889
 -4.50387
0.0187386
-0.774091
 -4.55685
 0.022954
-0.754706
 -4.60853
0.0264873
  -0.7336
 -4.65879
0.0293092
-0.710623
 -4.70748
0.0313939
-0.685617
 -4.75444
0.0327209
-0.658409
  -4.7995
 0.033277
-0.628814
 -4.84246
0.0330586
 -0.59663
 -4.88313
0.0320743
-0.561643
 -4.92127
0.0303487
-0.523624
 -4.95663
0.0279265
-0.482327
 -4.98896
 0.024877
-0.437493
 -5.01796
0.0213002
-0.388845
 -5.04333
0.0173329
-0.336096
 -5.06476
0.0131563
-0.278944
 -5.08192
0.0090042
-0.217077
  -5.09447
0.00517124
 -0.150178
  -5.10209
0.00202211
-0.0779244
-5.10446
       0
       0

