100
   0
-2.2
   0
0.00166615
  -2.19813
 0.0605605
0.00720361
  -2.19502
  0.118228
0.0163474
 -2.19055
 0.172788
0.0288205
  -2.1846
 0.224049
0.044339
-2.17711
0.271836
0.0626169
 -2.16807
 0.315996
0.0833697
 -2.15747
 0.356394
0.106318
-2.14539
0.392914
0.131189
-2.13189
0.425453
0.157718
-2.11708
0.453926
0.185653
-2.10111
0.478262
0.214746
-2.08412
0.498402
0.244763
 -2.0663
0.514299
0.275475
-2.04782
0.525918
 0.30666
-2.02888
0.533234
0.338101
 -2.0097
 0.53623
0.369583
-1.99048
  0.5349
0.400892
-1.97142
0.529247
0.431812
-1.95275
0.519283
0.462123
-1.93464
 0.50503
  0.4916
-1.91731
 0.48652
0.520009
-1.90093
0.463794
0.547109
-1.88566
0.436907
 0.57265
-1.87164
0.405925
0.596371
  -1.859
0.370928
0.618002
-1.84782
0.332011
0.637267
-1.83818
0.289285
0.653882
-1.83009
0.242877
0.667562
-1.82355
0.192936
0.678022
-1.81852
0.139625
0.684981
 -1.8149
 0.08313
 0.688168
 -1.81258
0.0236574
   0.68733
  -1.81137
-0.0385668
 0.682233
 -1.81107
-0.103296
  0.67267
 -1.81142
-0.170265
 0.658469
 -1.81216
-0.239188
 0.639492
 -1.81296
-0.309765
 0.615649
 -1.81349
-0.381679
 0.586892
 -1.81341
-0.454603
 0.553223
 -1.81234
-0.528199
 0.514693
 -1.80994
-0.602122
   0.4714
 -1.80586
-0.676025
 0.423491
 -1.79975
-0.749561
 0.371153
 -1.79132
-0.822386
 0.314613
 -1.78028
-0.894163
 0.254128
  -1.7664
-0.964566
0.189982
-1.74947
-1.03328
0.122476
-1.72934
-1.10001
0.0519232
 -1.70591
 -1.16446
-0.0213614
  -1.67911
  -1.22638
-0.0970644
  -1.64893
  -1.28552
-0.174882
 -1.61539
 -1.34166
-0.254523
 -1.57858
  -1.3946
-0.335718
  -1.5386
 -1.44414
-0.418217
  -1.4956
 -1.49013
-0.501793
 -1.44975
 -1.53243
-0.586247
 -1.40126
  -1.5709
-0.671404
 -1.35034
 -1.60544
-0.757112
 -1.29724
 -1.63596
-0.843247
 -1.24222
 -1.66237
-0.929703
 -1.18555
 -1.68461
 -1.0164
 -1.1275
-1.70264
-1.10325
-1.06836
 -1.7164
-1.19022
-1.00843
-1.72587
 -1.27726
-0.947992
 -1.73103
 -1.36432
-0.887349
 -1.73186
 -1.45137
-0.826798
 -1.72837
 -1.53837
-0.766636
 -1.72056
 -1.62528
-0.707158
 -1.70844
 -1.71204
-0.648656
 -1.69206
 -1.7986
-0.59142
-1.67143
-1.88487
-0.53573
-1.64662
-1.97075
-0.48186
-1.61768
 -2.05614
-0.430072
 -1.58468
 -2.14088
-0.380616
 -1.54771
 -2.22482
-0.333721
 -1.50687
-2.30776
 -0.2896
-1.46229
 -2.38948
-0.248438
 -1.41409
 -2.46976
-0.210391
 -1.36244
 -2.54831
-0.175585
 -1.30752
 -2.62486
-0.144106
 -1.24951
 -2.69912
-0.116002
 -1.18863
  -2.77076
-0.0912753
  -1.12512
  -2.83947
-0.0698839
  -1.05924
  -2.90495
-0.0517386
 -0.991253
  -2.96688
-0.0367031
 -0.921464
  -3.02497
-0.0245955
 -0.850178
  -3.07896
-0.0151908
 -0.777717
    -3.1286
-0.00822508
  -0.704415
   -3.17369
-0.00340064
  -0.630612
   -3.21407
-0.00039274
  -0.556656
  -3.24962
0.00114312
 -0.482893
  -3.28027
0.00156314
  -0.40967
    -3.306
0.00122679
 -0.337327
   -3.32685
0.000488537
  -0.266197
    -3.34287
-0.000310247
     -0.1966
    -3.35421
-0.000848597
   -0.128844
      -3.361
-0.000832444
  -0.0632196
-3.36345
       0
       0

