100
    0
-1.65
    0
0.00102898
  -1.64842
 0.0403151
0.00462494
  -1.64609
 0.0778078
0.0105712
 -1.64297
 0.112348
0.0186467
 -1.63905
  0.14382
0.0286279
 -1.63435
 0.172119
0.0402903
  -1.6289
 0.197157
 0.05341
-1.62277
0.218856
0.0677643
 -1.61602
  0.23715
0.0831323
 -1.60874
 0.251984
0.0992949
 -1.60103
 0.263316
0.116035
  -1.593
0.271113
0.133137
-1.58477
0.275353
0.150386
-1.57645
0.276025
0.167569
-1.56818
0.273125
 0.18447
-1.56006
0.266664
0.200876
-1.55221
0.256658
0.216568
-1.54476
0.243136
0.231329
 -1.5378
0.226137
0.244939
-1.53143
0.205712
0.257176
-1.52572
0.181921
0.267815
-1.52073
0.154838
0.276634
-1.51651
0.124548
 0.283407
 -1.51309
0.0911482
 0.287912
 -1.51046
0.0547512
 0.289931
 -1.50861
0.0154812
 0.289252
 -1.50748
-0.026523
  0.285669
    -1.507
-0.0711086
  0.27899
 -1.50708
-0.118109
 0.269036
  -1.5076
-0.167343
 0.255646
 -1.50841
-0.218617
 0.238678
 -1.50933
-0.271723
 0.218016
 -1.51018
-0.326442
 0.193566
 -1.51077
-0.382544
 0.165266
 -1.51086
-0.439788
 0.133081
 -1.51023
-0.497926
 0.097008
 -1.50866
-0.556702
0.0570759
  -1.5059
-0.615858
0.0133433
 -1.50174
-0.675128
-0.034101
 -1.49595
-0.734251
-0.0851403
  -1.48833
 -0.792962
-0.139633
  -1.4787
-0.851003
-0.197414
  -1.4669
-0.908119
  -0.2583
 -1.45278
-0.964062
-0.322095
 -1.43624
 -1.01859
-0.388588
  -1.4172
 -1.07148
-0.457565
  -1.3956
 -1.12252
-0.528807
 -1.37142
 -1.17148
-0.602097
 -1.34468
 -1.21819
-0.677221
  -1.3154
 -1.26247
-0.753974
 -1.28366
 -1.30414
-0.832158
 -1.24955
 -1.34306
-0.91159
-1.21318
-1.37909
-0.992098
 -1.17469
 -1.41211
-1.07352
-1.13423
-1.44201
-1.15572
-1.09199
-1.46869
-1.23856
-1.04814
-1.49207
-1.32192
-1.00289
-1.51207
-1.40571
-0.95645
-1.52864
-1.48981
-0.90904
-1.54173
 -1.57416
-0.860885
  -1.5513
 -1.65866
-0.812215
 -1.55732
 -1.74325
-0.763265
 -1.55977
 -1.82785
-0.714271
 -1.55866
  -1.9124
-0.665469
 -1.55398
 -1.99681
-0.617093
 -1.54574
 -2.08102
-0.569376
 -1.53397
 -2.16493
-0.522546
 -1.51871
 -2.24847
-0.476824
 -1.49999
 -2.33152
-0.432425
 -1.47787
 -2.41397
-0.389555
 -1.45243
  -2.4957
-0.348405
 -1.42373
 -2.57657
-0.309156
 -1.39187
 -2.65643
-0.271971
 -1.35696
  -2.7351
-0.236993
 -1.31911
 -2.81241
-0.204348
 -1.27845
 -2.88817
-0.174137
 -1.23514
 -2.96218
-0.146434
 -1.18932
 -3.03422
-0.121288
 -1.14118
  -3.10407
-0.0987201
   -1.0909
  -3.17152
-0.0787197
  -1.03869
  -3.23636
-0.0612469
 -0.984745
  -3.29836
-0.0462315
 -0.929305
  -3.35733
-0.0335736
 -0.872601
  -3.41308
-0.0231456
 -0.814879
  -3.46544
-0.0147936
 -0.756389
   -3.51425
-0.00834069
   -0.69739
   -3.55939
-0.00359044
  -0.638145
    -3.60076
-0.000330608
   -0.578915
  -3.63829
0.00166233
 -0.519965
  -3.67194
0.00261854
 -0.461557
  -3.70169
0.00277008
 -0.403947
  -3.72759
0.00234612
 -0.347387
  -3.74966
0.00156845
 -0.292121
   -3.76801
0.000647227
  -0.238382
    -3.78273
-0.000222822
   -0.186394
    -3.79396
-0.000865602
   -0.136369
   -3.80185
-0.00112631
 -0.0885073
    -3.80657
-0.000873412
  -0.0429935
-3.80832
       0
       0

