200
    0
-0.75
    0
-0.000301421
   -0.749759
  -0.0132108
-0.0010502
 -0.749629
-0.0265871
-0.00225324
  -0.749607
 -0.0401231
-0.00391724
  -0.749687
 -0.0538125
-0.00604862
  -0.749864
 -0.0676493
-0.00865356
  -0.750133
  -0.081627
 -0.011738
 -0.750488
-0.0957394
-0.0153075
 -0.750923
  -0.10998
-0.0193675
 -0.751432
 -0.124342
-0.0239229
 -0.752008
 -0.138819
-0.0289786
 -0.752645
 -0.153404
-0.034539
-0.753336
-0.168091
-0.0406081
 -0.754074
 -0.182873
-0.0471898
 -0.754851
 -0.197742
-0.0542875
 -0.755661
 -0.212692
-0.0619042
 -0.756495
 -0.227716
-0.0700426
 -0.757346
 -0.242806
-0.0787053
 -0.758207
 -0.257956
-0.087894
-0.759069
-0.273158
-0.0976106
 -0.759924
 -0.288405
-0.107856
-0.760765
 -0.30369
-0.118632
-0.761584
-0.319006
-0.129938
-0.762372
-0.334345
-0.141775
-0.763121
-0.349701
-0.154142
-0.763824
-0.365065
-0.167039
-0.764471
 -0.38043
-0.180465
-0.765055
 -0.39579
-0.194419
-0.765569
-0.411136
-0.208898
-0.766004
-0.426462
-0.223901
-0.766351
 -0.44176
-0.239426
-0.766605
-0.457023
-0.255469
-0.766756
-0.472243
-0.272027
-0.766798
-0.487415
-0.289097
-0.766723
-0.502529
-0.306675
-0.766524
 -0.51758
-0.324757
-0.766194
-0.532559
-0.343338
-0.765726
-0.547461
-0.362414
-0.765114
-0.562278
-0.381979
-0.764351
-0.577002
-0.402029
-0.763431
-0.591628
-0.422557
-0.762349
-0.606148
-0.443557
-0.761098
-0.620556
-0.465024
-0.759674
-0.634845
-0.486951
-0.758071
-0.649009
-0.509331
-0.756285
 -0.66304
-0.532157
-0.754311
-0.676933
-0.555423
-0.752145
 -0.69068
 -0.57912
-0.749783
-0.704277
-0.603242
-0.747222
-0.717717
-0.627781
-0.744457
-0.730993
-0.652728
-0.741488
  -0.7441
-0.678076
 -0.73831
-0.757032
-0.703818
-0.734922
-0.769784
-0.729943
-0.731322
-0.782349
-0.756445
-0.727508
-0.794722
-0.783314
-0.723479
-0.806898
-0.810543
-0.719235
-0.818871
-0.838122
-0.714774
-0.830636
-0.866043
-0.710096
-0.842189
-0.894297
-0.705203
-0.853524
-0.922876
-0.700093
-0.864637
 -0.95177
-0.694768
-0.875523
 -0.98097
 -0.68923
-0.886176
 -1.01047
-0.683479
-0.896594
 -1.04026
-0.677518
-0.906771
 -1.07032
-0.671348
-0.916703
 -1.10066
-0.664972
-0.926387
 -1.13126
-0.658393
-0.935818
 -1.16212
-0.651613
-0.944993
 -1.19321
-0.644637
-0.953907
 -1.22455
-0.637467
-0.962557
 -1.25611
-0.630108
-0.970941
 -1.28789
-0.622563
-0.979054
 -1.31988
-0.614837
-0.986893
 -1.35207
-0.606936
-0.994455
 -1.38445
-0.598862
 -1.00174
 -1.41702
-0.590623
 -1.00874
 -1.44976
-0.582223
 -1.01545
 -1.48267
-0.573667
 -1.02188
 -1.51574
-0.564962
 -1.02802
 -1.54896
-0.556114
 -1.03386
 -1.58233
-0.547129
 -1.03941
 -1.61582
-0.538012
 -1.04466
 -1.64945
-0.528772
 -1.04962
 -1.68319
-0.519414
 -1.05427
 -1.71704
-0.509945
 -1.05862
   -1.751
-0.500372
 -1.06267
 -1.78505
-0.490703
 -1.06641
 -1.81919
-0.480945
 -1.06984
  -1.8534
-0.471104
 -1.07297
-1.88769
-0.46119
-1.07578
 -1.92204
-0.451208
 -1.07829
 -1.95645
-0.441167
 -1.08048
 -1.99091
-0.431075
 -1.08237
 -2.02541
-0.420939
 -1.08394
 -2.05994
-0.410768
 -1.08519
  -2.0945
-0.400568
 -1.08614
 -2.12907
-0.390349
 -1.08676
 -2.16366
-0.380118
 -1.08708
 -2.19825
-0.369882
 -1.08708
 -2.23284
-0.359651
 -1.08676
 -2.26742
-0.349432
 -1.08614
 -2.30197
-0.339232
 -1.08519
 -2.33651
-0.329061
 -1.08394
   -2.371
-0.318925
 -1.08237
 -2.40546
-0.308833
 -1.08048
 -2.43987
-0.298792
 -1.07829
-2.47422
-0.28881
-1.07578
 -2.50851
-0.278896
 -1.07297
 -2.54272
-0.269055
 -1.06984
 -2.57686
-0.259297
 -1.06641
 -2.61091
-0.249628
 -1.06267
 -2.64487
-0.240055
 -1.05862
 -2.67872
-0.230586
 -1.05427
 -2.71246
-0.221228
 -1.04962
 -2.74609
-0.211988
 -1.04466
 -2.77958
-0.202871
 -1.03941
 -2.81295
-0.193886
 -1.03386
 -2.84617
-0.185037
 -1.02802
 -2.87924
-0.176333
 -1.02188
 -2.91215
-0.167777
 -1.01545
 -2.94489
-0.159377
 -1.00874
 -2.97746
-0.151138
 -1.00174
 -3.00984
-0.143064
-0.994455
 -3.04203
-0.135163
-0.986893
 -3.07402
-0.127437
-0.979054
  -3.1058
-0.119892
-0.970941
 -3.13736
-0.112533
-0.962557
  -3.1687
-0.105363
-0.953907
   -3.1998
-0.0983867
 -0.944993
  -3.23065
-0.0916072
 -0.935818
  -3.26125
-0.0850279
 -0.926387
 -3.29159
-0.078652
-0.916703
  -3.32165
-0.0724822
 -0.906771
  -3.35144
-0.0665208
 -0.896594
 -3.38094
 -0.06077
-0.886176
  -3.41014
-0.0552315
 -0.875523
 -3.43903
-0.049907
-0.864637
  -3.46761
-0.0447974
 -0.853524
  -3.49587
-0.0399037
 -0.842189
  -3.52379
-0.0352263
 -0.830636
  -3.55137
-0.0307654
 -0.818871
   -3.5786
-0.0265208
 -0.806898
  -3.60547
-0.0224919
 -0.794722
 -3.63197
-0.018678
-0.782349
  -3.65809
-0.0150779
 -0.769784
  -3.68383
-0.0116898
 -0.757032
   -3.70918
-0.00851214
    -0.7441
   -3.73413
-0.00554251
  -0.730993
   -3.75867
-0.00277842
  -0.717717
    -3.78279
-0.000216963
   -0.704277
  -3.80649
0.00214506
  -0.69068
  -3.82975
0.00431118
 -0.676932
  -3.85258
0.00628527
  -0.66304
  -3.87496
0.00807147
 -0.649009
  -3.89689
0.00967426
 -0.634845
 -3.91835
0.0110984
-0.620556
 -3.93935
 0.012349
-0.606148
 -3.95988
0.0134313
-0.591628
 -3.97993
0.0143509
-0.577002
  -3.9995
0.0151138
-0.562277
 -4.01857
 0.015726
-0.547461
 -4.03715
0.0161938
-0.532559
 -4.05524
0.0165239
 -0.51758
 -4.07281
0.0167229
-0.502529
 -4.08988
 0.016798
-0.487414
 -4.10644
0.0167562
-0.472243
 -4.12248
0.0166048
-0.457023
 -4.13801
0.0163514
 -0.44176
 -4.15301
0.0160035
-0.426462
 -4.16749
0.0155689
-0.411136
 -4.18145
0.0150554
-0.395789
-4.19487
0.014471
-0.38043
 -4.20777
0.0138235
-0.365064
 -4.22014
0.0131212
  -0.3497
 -4.23197
 0.012372
-0.334345
 -4.24328
0.0115841
-0.319006
 -4.25405
0.0107655
 -0.30369
   -4.2643
0.00992436
 -0.288405
  -4.27402
0.00906875
 -0.273158
  -4.28321
0.00820666
 -0.257956
  -4.29187
0.00734603
 -0.242806
  -4.30001
0.00649473
 -0.227715
  -4.30762
0.00566051
 -0.212692
  -4.31472
0.00485102
 -0.197742
   -4.3213
0.00407378
 -0.182873
  -4.32737
0.00333615
 -0.168091
  -4.33293
0.00264536
 -0.153404
  -4.33799
0.00200844
 -0.138819
  -4.34254
0.00143223
 -0.124342
    -4.3466
0.000923385
   -0.10998
   -4.35017
0.000488341
 -0.0957393
   -4.35326
0.000133307
 -0.0816269
    -4.35586
-0.000135744
  -0.0676492
    -4.35799
-0.000313085
  -0.0538124
    -4.35966
-0.000393248
   -0.040123
    -4.36086
-0.000371027
  -0.0265871
    -4.36161
-0.000241494
  -0.0132107
-4.36191
       0
       0

