100
    0
-0.65
    0
-0.0021819
 -0.651525
-0.0698085
-0.009057
-0.654066
-0.135297
-0.0203919
 -0.657268
 -0.196663
-0.035939
-0.660826
-0.254105
-0.0554442
 -0.664487
 -0.307828
-0.0786527
 -0.668042
  -0.35803
-0.105314
 -0.67132
-0.404909
-0.135184
-0.674186
-0.448659
-0.168031
-0.676533
-0.489464
-0.203631
-0.678282
-0.527503
-0.241776
-0.679373
-0.562949
-0.282268
-0.679765
-0.595964
-0.324924
-0.679433
-0.626704
-0.369573
-0.678363
-0.655314
-0.416055
-0.676552
-0.681934
-0.464225
-0.674006
-0.706694
-0.513946
-0.670737
-0.729716
-0.565093
 -0.66676
-0.751116
-0.617551
-0.662098
-0.771001
-0.671214
-0.656775
-0.789472
-0.725984
-0.650815
-0.806624
-0.781772
-0.644247
-0.822543
-0.838495
-0.637098
-0.837313
-0.896077
-0.629399
-0.851008
-0.954449
-0.621178
-0.863701
 -1.01355
-0.612464
-0.875458
 -1.07331
-0.603285
-0.886338
 -1.13368
-0.593669
  -0.8964
 -1.19461
-0.583644
-0.905696
 -1.25606
-0.573236
-0.914274
-1.31798
-0.56247
-0.92218
 -1.38033
-0.551372
-0.929454
 -1.44307
-0.539964
-0.936136
 -1.50618
-0.528271
 -0.94226
 -1.56961
-0.516315
-0.947859
 -1.63334
-0.504116
-0.952961
 -1.69733
-0.491694
-0.957595
 -1.76158
-0.479071
-0.961783
 -1.82604
-0.466264
-0.965549
 -1.89069
-0.453292
-0.968913
 -1.95552
-0.440172
-0.971891
  -2.0205
-0.426923
  -0.9745
 -2.08561
-0.413559
-0.976754
 -2.15084
-0.400098
-0.978664
 -2.21616
-0.386554
-0.980241
 -2.28156
-0.372944
-0.981492
 -2.34701
-0.359282
-0.982425
 -2.41251
-0.345584
-0.983044
 -2.47803
-0.331864
-0.983353
 -2.54356
-0.318136
-0.983353
 -2.60909
-0.304416
-0.983044
 -2.67458
-0.290718
-0.982425
 -2.74004
-0.277056
-0.981492
 -2.80544
-0.263446
-0.980241
 -2.87076
-0.249902
-0.978664
 -2.93598
-0.236441
-0.976754
  -3.0011
-0.223077
  -0.9745
 -3.06608
-0.209828
-0.971891
  -3.1309
-0.196708
-0.968913
 -3.19556
-0.183736
-0.965549
 -3.26002
-0.170929
-0.961783
 -3.32426
-0.158306
-0.957595
 -3.38826
-0.145884
-0.952961
 -3.45199
-0.133685
-0.947859
 -3.51542
-0.121729
 -0.94226
 -3.57852
-0.110036
-0.936136
  -3.64127
-0.0986284
 -0.929454
-3.70361
-0.08753
-0.92218
  -3.76553
-0.0767643
 -0.914274
 -3.82698
-0.066356
-0.905696
  -3.88792
-0.0563308
   -0.8964
  -3.94829
-0.0467151
 -0.886338
  -4.00805
-0.0375362
 -0.875458
  -4.06715
-0.0288219
 -0.863701
  -4.12552
-0.0206007
 -0.851008
   -4.1831
-0.0129016
 -0.837313
   -4.23982
-0.00575345
  -0.822543
   -4.29561
0.000814723
  -0.806624
  -4.35038
0.00677452
 -0.789472
 -4.40404
0.0120984
-0.771001
  -4.4565
0.0167604
-0.751116
 -4.50765
0.0207367
-0.729716
 -4.55737
0.0240062
-0.706694
 -4.60554
0.0265521
-0.681934
 -4.65202
0.0283626
-0.655314
 -4.69667
0.0294325
-0.626704
 -4.73933
0.0297649
-0.595964
 -4.77982
0.0293728
-0.562949
 -4.81796
 0.028282
-0.527503
 -4.85356
0.0265333
-0.489464
 -4.88641
0.0241858
-0.448659
 -4.91628
0.0213199
-0.404909
 -4.94294
0.0180416
 -0.35803
 -4.96615
0.0144869
-0.307828
 -4.98566
0.0108257
-0.254105
  -5.0012
0.0072675
-0.196663
  -5.01254
0.00406607
 -0.135297
  -5.01941
0.00152451
-0.0698085
-5.0216
      0
      0

