100
    0
-2.15
    0
0.00161782
  -2.14815
 0.0590066
0.00700771
  -2.14511
  0.115127
0.0159093
 -2.14075
 0.168153
0.0280511
 -2.13497
   0.2179
0.043155
-2.12771
0.264199
0.0609411
 -2.11896
 0.306902
0.081131
-2.10875
0.345879
0.103451
-2.09711
0.381015
0.127633
-2.08414
0.412213
0.153418
-2.06995
0.439391
0.180556
-2.05465
0.462479
0.208804
-2.03842
0.481421
0.237927
-2.02142
0.496172
  0.2677
-2.00383
0.506699
  0.2979
-1.98585
0.512978
 0.32831
-1.96767
0.514996
0.358714
-1.94949
0.512747
0.388897
-1.93153
0.506236
 0.41864
-1.91396
0.495479
0.447722
  -1.897
0.480499
0.475916
-1.88082
0.461331
0.502986
-1.86558
0.438019
0.528691
-1.85145
0.410621
0.552779
-1.83855
0.379207
 0.57499
-1.82699
0.343859
0.595056
-1.81685
0.304678
0.612704
-1.80818
0.261776
0.627654
-1.80101
0.215285
0.639627
-1.79531
0.165356
0.648345
-1.79102
0.112156
 0.653536
 -1.78805
0.0558739
  0.654942
  -1.78626
-0.0032831
  0.652319
  -1.78547
-0.0650872
 0.645448
 -1.78548
-0.129291
0.634136
-1.78603
-0.19563
0.618223
-1.78683
-0.26382
  0.59759
 -1.78759
-0.333562
 0.572158
 -1.78797
-0.404545
 0.541894
 -1.78763
-0.476443
  0.50681
 -1.78623
-0.548925
 0.466968
 -1.78341
-0.621653
 0.422476
 -1.77885
-0.694287
 0.373483
 -1.77222
-0.766487
 0.320183
 -1.76324
-0.837918
 0.262801
 -1.75164
-0.908253
 0.201594
 -1.73719
-0.977172
0.136842
-1.71972
-1.04437
0.0688392
 -1.69909
 -1.10956
-0.00210897
    -1.6752
   -1.17247
-0.0756956
  -1.64801
  -1.23283
-0.151617
  -1.6175
 -1.29042
-0.229581
 -1.58373
 -1.34502
-0.309307
 -1.54676
 -1.39643
-0.390534
 -1.50671
 -1.44447
-0.473023
 -1.46374
 -1.48899
-0.556557
 -1.41801
 -1.52985
-0.640944
 -1.36973
 -1.56692
-0.726015
 -1.31912
 -1.60009
-0.811626
 -1.26643
 -1.62929
-0.897656
  -1.2119
 -1.65443
-0.984003
 -1.15581
 -1.67545
-1.07058
-1.09843
-1.69231
-1.15733
-1.04004
-1.70495
 -1.24418
-0.980926
 -1.71335
  -1.3311
-0.921384
  -1.7175
 -1.41803
-0.861704
 -1.71739
 -1.50494
-0.802178
 -1.71301
 -1.59179
-0.743098
 -1.70437
 -1.67853
-0.684755
  -1.6915
  -1.7651
-0.627436
 -1.67442
 -1.85143
-0.571422
 -1.65317
 -1.93744
-0.516988
 -1.62781
 -2.02302
-0.464401
 -1.59839
 -2.10806
-0.413914
   -1.565
 -2.19241
-0.365768
 -1.52772
 -2.27589
-0.320184
 -1.48667
 -2.35832
-0.277363
 -1.44195
-2.43947
-0.23748
-1.39372
 -2.51911
-0.200683
 -1.34214
 -2.59696
-0.167083
 -1.28737
 -2.67277
-0.136757
 -1.22962
 -2.74622
-0.109742
 -1.16911
  -2.81701
-0.0860317
  -1.10608
  -2.88485
-0.0655748
  -1.04077
 -2.94942
-0.048275
-0.973471
  -3.01042
-0.0339907
 -0.904466
  -3.06759
-0.0225368
 -0.834064
  -3.12066
-0.0136872
 -0.762582
   -3.16941
-0.00717934
   -0.69035
   -3.21366
-0.00271939
  -0.617703
   -3.25324
1.12157e-05
  -0.544979
  -3.28807
0.00134858
  -0.47252
  -3.31807
0.00163853
 -0.400663
  -3.34324
0.00122858
  -0.32974
   -3.36361
0.000459961
  -0.260074
    -3.37927
-0.000339929
   -0.191977
   -3.39034
-0.00086447
  -0.125747
    -3.39697
-0.000833838
  -0.0616665
-3.39937
       0
       0

