100
   0
-1.9
   0
0.00135266
  -1.89828
 0.0505353
0.00593375
  -1.89557
 0.0982161
0.0135054
 -1.89179
 0.142872
0.023822
-1.88689
 0.18435
0.0366342
 -1.88084
 0.222511
0.0516908
 -1.87367
 0.257235
0.0687421
 -1.86541
 0.288415
0.087541
-1.85612
0.315958
0.107845
-1.84589
0.339786
0.129415
-1.83482
0.359833
0.152018
-1.82305
0.376046
0.175426
-1.81071
0.388381
0.199415
-1.79794
0.396807
0.223762
-1.78491
0.401303
0.248249
-1.77177
0.401857
0.272658
-1.75869
0.398469
 0.29677
-1.74583
0.391146
0.320363
-1.73336
0.379907
0.343216
-1.72141
0.364781
  0.3651
-1.71013
0.345807
0.385783
-1.69966
0.323035
 0.40503
-1.69009
0.296529
0.422597
-1.68153
0.266363
 0.43824
-1.67405
0.232625
0.451708
-1.66769
0.195418
0.462752
-1.66246
 0.15486
 0.47112
-1.65837
0.111083
 0.476566
 -1.65537
0.0642357
  0.47885
 -1.65338
0.0144847
  0.477741
   -1.6523
-0.0379879
  0.473023
  -1.65199
-0.0929827
   0.4645
 -1.65229
-0.150284
0.451996
-1.65298
-0.20966
 0.435364
 -1.65385
-0.270863
 0.414486
 -1.65465
-0.333633
  0.38928
  -1.6551
-0.397697
0.359698
-1.65493
-0.46277
 0.325733
 -1.65386
-0.528562
 0.287416
 -1.65158
-0.594774
 0.244816
 -1.64781
-0.661104
 0.198039
 -1.64229
-0.727249
 0.147229
 -1.63476
-0.792909
0.0925587
 -1.62498
-0.857786
0.0342296
 -1.61275
-0.921591
-0.0275339
   -1.5979
 -0.984041
-0.0924896
  -1.58028
  -1.04487
-0.160384
 -1.55979
 -1.10381
-0.230954
 -1.53638
 -1.16062
-0.30394
   -1.51
-1.21508
-0.37908
-1.48068
-1.26698
-0.456123
 -1.44845
 -1.31611
-0.534829
  -1.4134
  -1.3623
-0.614972
 -1.37563
 -1.40538
-0.696343
 -1.33528
 -1.44522
-0.77875
-1.29252
-1.48167
-0.862021
 -1.24752
 -1.51464
-0.946003
  -1.2005
 -1.54401
-1.03056
-1.15166
-1.56971
-1.11558
-1.10124
-1.59165
-1.20095
-1.04948
-1.60979
 -1.28659
-0.996638
 -1.62406
 -1.37243
-0.942963
 -1.63445
  -1.4584
-0.888719
 -1.64091
 -1.54442
-0.834171
 -1.64344
 -1.63046
-0.779586
 -1.64202
-1.71645
-0.72523
-1.63666
 -1.80233
-0.671368
 -1.62738
 -1.88803
-0.618264
 -1.61419
 -1.97349
-0.566176
 -1.59714
 -2.05862
-0.515356
 -1.57626
-2.14332
-0.46605
-1.55161
 -2.22747
-0.418492
 -1.52326
 -2.31096
-0.372904
  -1.4913
 -2.39362
-0.329493
 -1.45581
  -2.4753
-0.288449
 -1.41691
 -2.55581
-0.249941
 -1.37473
 -2.63495
-0.214113
  -1.3294
 -2.71248
-0.181081
 -1.28108
 -2.78818
-0.150935
 -1.22994
  -2.8618
-0.123728
 -1.17618
  -2.93307
-0.0994809
  -1.12001
  -3.00175
-0.0781765
  -1.06164
  -3.06755
-0.0597606
  -1.00132
  -3.13024
-0.0441413
 -0.939296
  -3.18956
-0.0311895
 -0.875844
  -3.24528
-0.0207411
 -0.811239
  -3.29719
-0.0125992
  -0.74577
   -3.34512
-0.00653835
   -0.67973
   -3.38891
-0.00230872
  -0.613422
  -3.42844
0.00035841
 -0.547146
  -3.46363
0.00174486
 -0.481206
  -3.49444
0.00213931
 -0.415901
  -3.52088
0.00183096
 -0.351524
  -3.54296
0.00110331
 -0.288362
   -3.56078
0.000228206
  -0.226692
    -3.57443
-0.000539531
   -0.166777
    -3.58406
-0.000966879
   -0.108868
    -3.58983
-0.000846535
  -0.0532025
-3.59193
       0
       0

