100
   0
-0.5
   0
-0.00274789
  -0.503137
 -0.0942689
-0.0118725
 -0.507628
 -0.179773
-0.0268801
  -0.51283
 -0.257166
-0.0472568
 -0.518246
 -0.327098
-0.0724936
   -0.5235
   -0.3902
-0.102102
-0.528318
-0.447072
-0.135624
-0.532509
-0.498282
-0.172637
-0.535946
-0.544358
-0.212757
-0.538552
 -0.58579
-0.255637
-0.540292
-0.623026
-0.300966
-0.541154
-0.656477
-0.348468
-0.541152
-0.686519
-0.397895
-0.540311
-0.713491
-0.449029
-0.538669
-0.737702
-0.501676
-0.536268
-0.759429
-0.555667
-0.533156
-0.778926
-0.610849
-0.529381
-0.796417
 -0.66709
 -0.52499
-0.812108
 -0.72427
-0.520033
-0.826182
-0.782286
-0.514554
-0.838804
-0.841044
-0.508599
-0.850123
-0.900464
-0.502207
-0.860272
-0.960473
-0.495418
 -0.86937
 -1.02101
-0.488268
-0.877526
   -1.082
 -0.48079
-0.884835
 -1.14342
-0.473015
-0.891384
 -1.20521
-0.464972
-0.897251
 -1.26733
-0.456686
-0.902504
 -1.32974
-0.448181
-0.907206
 -1.39241
 -0.43948
-0.911413
 -1.45533
  -0.4306
-0.915174
 -1.51844
-0.421562
-0.918534
 -1.58175
-0.412381
-0.921532
 -1.64522
-0.403071
-0.924205
 -1.70884
-0.393647
-0.926584
 -1.77259
-0.384121
-0.928697
 -1.83645
-0.374505
-0.930569
 -1.90042
-0.364807
-0.932223
 -1.96447
-0.355039
-0.933677
 -2.02861
-0.345208
 -0.93495
 -2.09281
-0.335322
-0.936056
 -2.15708
-0.325389
-0.937008
 -2.22139
-0.315415
-0.937818
 -2.28575
-0.305407
-0.938495
 -2.35014
-0.295371
-0.939048
 -2.41456
-0.285312
-0.939482
   -2.479
-0.275235
-0.939803
 -2.54346
-0.265146
-0.940016
 -2.60793
-0.255049
-0.940121
  -2.6724
-0.244951
-0.940121
 -2.73686
-0.234854
-0.940016
 -2.80132
-0.224765
-0.939803
 -2.86576
-0.214688
-0.939482
 -2.93018
-0.204629
-0.939048
 -2.99458
-0.194593
-0.938495
 -3.05893
-0.184585
-0.937818
 -3.12325
-0.174611
-0.937008
 -3.18751
-0.164678
-0.936056
 -3.25171
-0.154792
 -0.93495
 -3.31585
-0.144961
-0.933677
 -3.37991
-0.135193
-0.932223
 -3.44387
-0.125495
-0.930569
 -3.50774
-0.115879
-0.928697
 -3.57149
-0.106353
-0.926584
   -3.6351
-0.0969288
 -0.924205
  -3.69857
-0.0876194
 -0.921532
 -3.76188
-0.078438
-0.918534
    -3.825
-0.0693996
 -0.915174
  -3.88791
-0.0605204
 -0.911413
  -3.95059
-0.0518186
 -0.907206
   -4.013
-0.043314
-0.902504
  -4.07512
-0.0350281
 -0.897251
   -4.1369
-0.0269848
 -0.891384
  -4.19832
-0.0192101
 -0.884835
  -4.25932
-0.0117323
 -0.877526
   -4.31985
-0.00458215
   -0.86937
  -4.37986
0.00220684
 -0.860272
  -4.43928
0.00859863
 -0.850123
 -4.49804
0.0145545
-0.838804
 -4.55605
 0.020033
-0.826182
 -4.61323
0.0249904
-0.812108
 -4.66947
0.0293806
-0.796417
 -4.72466
0.0331562
-0.778926
 -4.77865
0.0362685
-0.759429
  -4.8313
0.0386691
-0.737702
 -4.88243
0.0403112
-0.713491
 -4.93186
0.0411518
-0.686519
 -4.97936
0.0411542
-0.656477
 -5.02469
0.0402917
-0.623026
 -5.06757
0.0385524
 -0.58579
 -5.10769
0.0359455
-0.544358
  -5.1447
0.0325086
-0.498282
 -5.17822
0.0283178
-0.447072
 -5.20783
0.0234998
  -0.3902
 -5.23307
 0.018246
-0.327098
 -5.25344
0.0128302
-0.257166
  -5.26845
0.00762781
 -0.179773
  -5.27758
0.00313692
-0.0942689
-5.28032
       0
       0

