100
   0
-0.8
   0
-0.00160142
  -0.800328
 -0.0464929
-0.0063366
  -0.80136
-0.0918649
-0.0141575
 -0.802941
 -0.136108
-0.0250077
 -0.804921
 -0.179215
-0.038823
-0.807165
-0.221184
-0.0555329
 -0.809543
 -0.262013
-0.0750614
 -0.811936
 -0.301703
-0.0973278
 -0.814237
 -0.340255
-0.122248
-0.816344
-0.377675
-0.149734
-0.818167
-0.413966
-0.179697
-0.819625
-0.449137
-0.212046
-0.820644
-0.483194
-0.246689
-0.821161
-0.516148
-0.283535
-0.821118
-0.548009
 -0.32249
-0.820467
-0.578786
-0.363465
-0.819165
-0.608493
-0.406368
-0.817179
-0.637139
 -0.45111
-0.814479
 -0.66474
-0.497604
-0.811043
-0.691306
-0.545765
-0.806854
-0.716852
-0.595508
-0.801901
 -0.74139
-0.646752
-0.796177
-0.764934
-0.699418
 -0.78968
-0.787499
-0.753428
-0.782411
-0.809096
-0.808709
-0.774376
-0.829739
-0.865187
-0.765586
-0.849442
-0.922793
-0.756052
-0.868217
 -0.98146
-0.745789
-0.886078
 -1.04112
-0.734816
-0.903036
 -1.10172
-0.723154
-0.919103
 -1.16318
-0.710824
-0.934291
 -1.22546
-0.697853
-0.948611
  -1.2885
-0.684266
-0.962074
 -1.35224
-0.670091
-0.974691
 -1.41663
-0.655359
 -0.98647
 -1.48163
  -0.6401
-0.997421
 -1.54717
-0.624346
 -1.00755
-1.61322
-0.60813
-1.01687
 -1.67972
-0.591487
 -1.02539
 -1.74664
-0.574451
 -1.03311
 -1.81393
-0.557057
 -1.04004
 -1.88155
-0.539342
 -1.04619
 -1.94945
-0.521343
 -1.05155
 -2.01761
-0.503096
 -1.05614
 -2.08597
-0.484639
 -1.05996
  -2.1545
-0.466009
 -1.06302
 -2.22316
-0.447245
  -1.0653
 -2.29191
-0.428386
 -1.06683
 -2.36072
-0.409468
 -1.06759
 -2.42955
-0.390532
 -1.06759
 -2.49836
-0.371614
 -1.06683
 -2.56712
-0.352755
  -1.0653
 -2.63578
-0.333991
 -1.06302
 -2.70431
-0.315361
 -1.05996
 -2.77267
-0.296904
 -1.05614
 -2.84082
-0.278657
 -1.05155
 -2.90873
-0.260658
 -1.04619
 -2.97634
-0.242943
 -1.04004
 -3.04363
-0.225549
 -1.03311
 -3.11055
-0.208513
 -1.02539
-3.17706
-0.19187
-1.01687
  -3.2431
-0.175654
 -1.00755
 -3.30865
  -0.1599
-0.997421
 -3.37364
-0.144641
 -0.98647
 -3.43803
-0.129909
-0.974691
 -3.50177
-0.115734
-0.962074
 -3.56481
-0.102147
-0.948611
  -3.62709
-0.0891758
 -0.934291
  -3.68856
-0.0768465
 -0.919103
 -3.74915
-0.065184
-0.903036
  -3.80881
-0.0542111
 -0.886078
  -3.86748
-0.0439485
 -0.868217
  -3.92509
-0.0344141
 -0.849442
  -3.98156
-0.0256235
 -0.829739
  -4.03684
-0.0175892
 -0.809096
  -4.09085
-0.0103204
 -0.787499
   -4.14352
-0.00382298
  -0.764934
  -4.19476
0.00190117
  -0.74139
  -4.24451
0.00685424
 -0.716852
 -4.29267
0.0110429
-0.691306
 -4.33916
0.0144789
 -0.66474
  -4.3839
0.0171788
-0.637139
 -4.42681
0.0191652
-0.608493
 -4.46778
0.0204666
-0.578786
 -4.50674
0.0211179
-0.548009
 -4.54358
0.0211607
-0.516148
 -4.57823
0.0206441
-0.483194
 -4.61058
0.0196246
-0.449137
 -4.64054
0.0181668
-0.413966
 -4.66802
0.0163436
-0.377675
 -4.69294
0.0142366
-0.340255
 -4.71521
0.0119363
-0.301703
  -4.73474
0.00954262
 -0.262013
  -4.75145
0.00716468
 -0.221184
  -4.76526
0.00492122
 -0.179215
  -4.77611
0.00294053
 -0.136108
  -4.78394
0.00136043
-0.0918649
   -4.78867
0.000328139
 -0.0464929
-4.79027
       0
       0

