100
    0
-1.75
    0
0.00116795
  -1.74836
 0.0446873
0.00518656
  -1.74587
 0.0865391
0.0118308
 -1.74247
 0.125409
0.0208701
 -1.73814
 0.161164
0.0320707
 -1.73289
 0.193687
0.0451979
 -1.72673
 0.222875
0.0600177
 -1.71971
 0.248637
0.0762981
 -1.71192
 0.270897
0.0938095
 -1.70342
  0.28959
0.112326
-1.69434
0.304662
0.131623
-1.68478
0.316071
 0.15148
-1.67487
0.323787
0.171679
-1.66474
0.327787
0.192003
-1.65454
0.328063
0.212234
-1.64439
0.324612
0.232156
-1.63444
0.317444
0.251549
-1.62482
0.306578
0.270195
-1.61566
0.292044
0.287869
-1.60707
0.273883
0.304345
-1.59917
0.252146
0.319395
-1.59203
0.226897
0.332787
-1.58574
0.198209
0.344287
-1.58035
0.166172
 0.35366
-1.57588
0.130887
0.360673
-1.57235
 0.09247
 0.365093
 -1.56973
0.0510497
  0.366696
  -1.56797
0.00677128
  0.365263
    -1.567
-0.0402055
  0.360588
  -1.56671
-0.0897057
 0.352478
 -1.56698
-0.141539
  0.34076
 -1.56765
-0.195502
 0.325281
 -1.56853
-0.251375
 0.305916
 -1.56941
-0.308926
 0.282564
 -1.57007
-0.367911
 0.255158
 -1.57028
-0.428076
 0.223663
 -1.56977
-0.489157
 0.188077
 -1.56831
-0.550884
 0.148432
 -1.56563
-0.612979
 0.104796
 -1.56149
-0.675166
0.0572664
 -1.55564
-0.737163
0.00597434
  -1.54787
 -0.798694
-0.0489234
  -1.53798
 -0.859482
-0.107245
 -1.52577
-0.919261
-0.168791
 -1.51112
 -0.97777
-0.233342
 -1.49389
 -1.03476
-0.300672
   -1.474
 -1.08998
-0.370546
  -1.4514
 -1.14322
-0.442728
 -1.42606
 -1.19425
-0.516983
   -1.398
 -1.24289
-0.593085
 -1.36727
 -1.28893
-0.670814
 -1.33392
 -1.33222
-0.749962
 -1.29808
  -1.3726
-0.830336
 -1.25985
 -1.40993
-0.911757
  -1.2194
 -1.44408
-0.994063
 -1.17689
 -1.47495
-1.07711
-1.13251
-1.50243
-1.16076
-1.08645
-1.52645
 -1.2449
-1.03894
-1.54694
 -1.32942
-0.990203
 -1.56382
 -1.41425
-0.940464
 -1.57707
 -1.49928
-0.889968
 -1.58663
 -1.58446
-0.838957
 -1.59249
  -1.6697
-0.787678
 -1.59463
 -1.75496
-0.736382
 -1.59304
 -1.84015
-0.685315
 -1.58773
 -1.92521
-0.634727
 -1.57871
 -2.01007
-0.584862
 -1.56601
 -2.09464
-0.535959
 -1.54966
 -2.17885
-0.488254
  -1.5297
 -2.26258
-0.441972
  -1.5062
 -2.34572
-0.397329
 -1.47922
 -2.42814
-0.354529
 -1.44885
  -2.5097
-0.313761
 -1.41517
 -2.59024
-0.275198
  -1.3783
 -2.66958
-0.238992
 -1.33837
 -2.74753
-0.205273
  -1.2955
 -2.82389
-0.174145
 -1.24985
 -2.89843
-0.145687
 -1.20159
 -2.97093
-0.119947
  -1.1509
  -3.04116
-0.0969418
  -1.09797
 -3.10888
-0.076655
 -1.04303
  -3.17386
-0.0590382
 -0.986287
  -3.23586
-0.0440092
 -0.927988
  -3.29467
-0.0314535
  -0.86838
 -3.35009
-0.021226
-0.807723
  -3.40192
-0.0131532
 -0.746285
  -3.45002
-0.0070367
  -0.68434
   -3.49424
-0.00265692
  -0.622164
  -3.53448
0.00022222
 -0.560037
  -3.57066
0.00184838
 -0.498238
  -3.60276
0.00247547
 -0.437045
 -3.63077
0.0023583
-0.376728
  -3.65472
0.00174727
 -0.317552
  -3.67467
0.00088329
 -0.259773
    -3.69071
-6.86944e-06
   -0.203638
    -3.70298
-0.000714671
   -0.149379
   -3.71161
-0.00105329
 -0.0972179
    -3.71678
-0.000860359
  -0.0473608
-3.71868
       0
       0

