100
 0
-0
 0
-0.00495902
 -0.0105972
   -0.18429
-0.0231233
-0.0239749
  -0.33534
-0.0524642
-0.0377287
 -0.458095
-0.0909046
-0.0504876
 -0.557281
 -0.136589
-0.0615906
  -0.63712
 -0.187971
-0.0708161
 -0.701225
  -0.24381
-0.0781906
 -0.752613
 -0.30313
-0.083866
-0.793765
  -0.36517
-0.0880462
 -0.826696
 -0.429341
-0.0909456
 -0.853039
 -0.495184
-0.0927678
 -0.874104
 -0.562342
-0.0936953
 -0.890948
 -0.630538
-0.0938867
 -0.904413
 -0.699553
-0.0934765
 -0.915177
 -0.769218
-0.0925769
 -0.923782
-0.839399
-0.091281
 -0.93066
-0.909988
-0.089665
-0.936158
 -0.980903
-0.0877909
 -0.940552
  -1.05208
-0.0857092
 -0.944064
  -1.12346
-0.0834606
 -0.946872
    -1.195
-0.0810783
 -0.949116
  -1.26668
-0.0785885
  -0.95091
  -1.33846
-0.0760128
 -0.952344
  -1.41032
-0.0733681
  -0.95349
  -1.48225
-0.0706683
 -0.954406
  -1.55424
-0.0679243
 -0.955138
 -1.62626
-0.065145
-0.955723
  -1.69832
-0.0623374
 -0.956191
  -1.77041
-0.0595073
 -0.956564
  -1.84252
-0.0566591
 -0.956863
  -1.91465
-0.0537964
 -0.957102
  -1.98679
-0.0509221
 -0.957293
  -2.05894
-0.0480386
 -0.957445
   -2.1311
-0.0451478
 -0.957567
 -2.20327
-0.042251
-0.957665
  -2.27544
-0.0393496
 -0.957742
  -2.34762
-0.0364443
 -0.957805
   -2.4198
-0.0335361
 -0.957854
  -2.49199
-0.0306254
 -0.957894
  -2.56417
-0.0277129
 -0.957925
  -2.63636
-0.0247988
  -0.95795
  -2.70855
-0.0218835
  -0.95797
  -2.78074
-0.0189673
 -0.957985
  -2.85294
-0.0160503
 -0.957997
  -2.92513
-0.0131328
 -0.958007
  -2.99732
-0.0102148
 -0.958014
  -3.06952
-0.0072965
 -0.958019
   -3.14171
-0.00437798
  -0.958022
    -3.2139
-0.00145934
  -0.958023
   -3.2861
0.00145934
 -0.958023
  -3.35829
0.00437798
 -0.958022
 -3.43048
0.0072965
-0.958019
 -3.50268
0.0102148
-0.958014
 -3.57487
0.0131328
-0.958007
 -3.64706
0.0160503
-0.957997
 -3.71926
0.0189673
-0.957985
 -3.79145
0.0218835
 -0.95797
 -3.86364
0.0247988
 -0.95795
 -3.93583
0.0277129
-0.957925
 -4.00801
0.0306254
-0.957894
  -4.0802
0.0335361
-0.957854
 -4.15238
0.0364443
-0.957805
 -4.22456
0.0393496
-0.957742
 -4.29673
 0.042251
-0.957665
  -4.3689
0.0451478
-0.957567
 -4.44106
0.0480386
-0.957445
 -4.51321
0.0509221
-0.957293
 -4.58535
0.0537964
-0.957102
 -4.65748
0.0566591
-0.956863
 -4.72959
0.0595073
-0.956564
 -4.80168
0.0623374
-0.956191
 -4.87374
 0.065145
-0.955723
 -4.94576
0.0679243
-0.955138
 -5.01775
0.0706683
-0.954406
 -5.08968
0.0733681
 -0.95349
 -5.16154
0.0760128
-0.952344
 -5.23332
0.0785885
 -0.95091
   -5.305
0.0810783
-0.949116
 -5.37654
0.0834606
-0.946872
 -5.44792
0.0857092
-0.944064
  -5.5191
0.0877909
-0.940552
 -5.59001
 0.089665
-0.936158
 -5.6606
0.091281
-0.93066
 -5.73078
0.0925769
-0.923782
 -5.80045
0.0934765
-0.915177
 -5.86946
0.0938867
-0.904413
 -5.93766
0.0936953
-0.890948
 -6.00482
0.0927678
-0.874104
 -6.07066
0.0909456
-0.853039
 -6.13483
0.0880462
-0.826696
 -6.19687
 0.083866
-0.793765
 -6.25619
0.0781906
-0.752613
 -6.31203
0.0708161
-0.701225
 -6.36341
0.0615906
 -0.63712
  -6.4091
0.0504876
-0.557281
 -6.44754
0.0377287
-0.458095
 -6.47688
0.0239749
 -0.33534
 -6.49504
0.0105972
 -0.18429
-6.5
   0
   0

