100
   0
-2.3
   0
0.0017591
 -2.29808
0.0635578
0.00758047
  -2.29485
  0.124209
0.0171898
 -2.29016
 0.181725
0.0302988
 -2.28389
 0.235902
0.0466118
 -2.27594
 0.286554
0.0658299
  -2.2663
 0.333518
0.0876566
 -2.25497
 0.376651
0.111801
-2.24199
0.415828
0.137979
-2.22745
0.450941
0.165918
-2.21144
0.481901
0.195356
-2.19412
 0.50863
0.226042
-2.17564
0.531066
0.257736
-2.15619
0.549159
0.290207
-2.13595
0.562869
0.323233
-2.11514
0.572168
0.356598
-2.09397
0.577038
0.390088
-2.07267
0.577467
0.423494
-2.05145
0.573456
0.456602
-2.03056
0.565012
0.489198
-2.01019
0.552153
 0.52106
-1.99057
0.534906
0.551959
-1.97188
0.513306
0.581658
-1.95432
0.487403
0.609907
-1.93806
0.457257
0.636447
-1.92322
 0.42294
0.661006
-1.90993
0.384541
0.683303
-1.89828
0.342164
0.703049
-1.88831
 0.29593
0.719947
-1.88004
 0.24598
0.733699
-1.87344
0.192471
0.744008
-1.86845
0.135585
 0.750584
 -1.86496
0.0755236
  0.75315
  -1.8628
0.0125094
  0.751446
  -1.86177
-0.0532125
 0.745239
 -1.86164
-0.121376
 0.734328
 -1.86212
-0.191694
 0.718548
 -1.86289
-0.263862
 0.697778
 -1.86362
-0.337558
 0.671944
 -1.86392
-0.412446
 0.641025
 -1.86343
-0.488176
 0.605049
 -1.86176
-0.564394
 0.564099
 -1.85854
-0.640737
 0.518308
 -1.85339
-0.716843
 0.467855
 -1.84598
-0.792353
 0.412965
   -1.836
-0.866911
 0.353898
 -1.82317
-0.940174
0.290943
-1.80727
-1.01181
0.224414
 -1.7881
 -1.0815
0.154638
-1.76553
-1.14894
0.0819476
 -1.73949
 -1.21386
0.00667545
  -1.70993
    -1.276
-0.0708537
  -1.67687
  -1.33511
-0.150329
 -1.64037
 -1.39098
-0.231459
 -1.60052
 -1.44341
-0.313973
 -1.55747
 -1.49224
-0.397629
  -1.5114
 -1.53731
-0.482209
 -1.46249
 -1.57848
-0.567524
 -1.41098
 -1.61563
-0.653412
 -1.35711
 -1.64868
-0.739738
 -1.30114
 -1.67753
-0.82639
-1.24335
-1.70212
-0.913279
 -1.18403
 -1.72239
-1.00033
-1.12346
 -1.7383
 -1.0875
-1.06195
-1.74981
 -1.17473
-0.999797
 -1.75689
   -1.262
-0.937309
 -1.75954
 -1.34927
-0.874791
 -1.75775
-1.43652
-0.81255
-1.75152
  -1.5237
-0.750892
 -1.74087
 -1.61078
-0.690119
 -1.72581
  -1.6977
-0.630531
 -1.70638
 -1.78441
-0.572423
 -1.68262
 -1.87081
-0.516082
 -1.65459
 -1.95679
-0.461785
 -1.62235
 -2.04223
-0.409797
 -1.58598
 -2.12696
-0.360367
 -1.54558
 -2.21081
-0.313725
 -1.50126
 -2.29357
-0.270078
 -1.45314
 -2.37498
-0.229602
 -1.40139
  -2.4548
-0.192443
 -1.34617
 -2.53273
-0.158711
 -1.28767
 -2.60846
-0.128471
 -1.22611
 -2.68168
-0.101748
 -1.16171
 -2.75205
-0.078516
 -1.09473
  -2.81923
-0.0587003
  -1.02545
   -2.8829
-0.0421762
 -0.954168
  -2.94274
-0.0287691
 -0.881194
  -2.99846
-0.0182569
  -0.80686
  -3.04979
-0.0103739
 -0.731507
    -3.0965
-0.00481588
  -0.655488
    -3.1384
-0.00124666
  -0.579162
   -3.17534
0.000694177
  -0.502892
  -3.20725
0.00138271
 -0.427039
  -3.23406
0.00120171
 -0.351962
   -3.25581
0.000531468
  -0.278009
    -3.27254
-0.000259058
   -0.205519
    -3.28439
-0.000820528
   -0.134819
   -3.29149
-0.00083057
 -0.0662156
-3.29405
       0
       0

