100
   0
-1.3
   0
0.000309491
    -1.2987
  0.0180356
0.00172569
  -1.29709
 0.0333102
0.00405977
  -1.29522
 0.0457727
0.00712176
  -1.29314
 0.0553819
0.0107209
 -1.29088
0.0621062
0.0146661
 -1.28852
0.0659238
0.0187659
  -1.2861
0.0668223
0.0228289
  -1.2837
0.0647987
0.0266635
 -1.28137
0.0598597
0.0300784
 -1.27917
0.0520212
0.0328826
 -1.27716
0.0413088
0.0348856
 -1.27539
0.0277579
0.0358978
  -1.2739
0.0114133
  0.0357311
   -1.27272
-0.00766983
 0.0341991
  -1.27187
-0.0294266
 0.0311183
  -1.27137
-0.0537817
  0.026309
  -1.27121
-0.0806496
0.0195964
 -1.27137
-0.109934
0.0108117
 -1.27183
-0.141529
-0.000206164
    -1.27252
   -0.175316
-0.013609
  -1.2734
-0.211169
-0.0295378
  -1.27438
  -0.24895
-0.0481208
  -1.27537
 -0.288511
-0.0694724
  -1.27626
 -0.329695
-0.0936905
  -1.27694
 -0.372336
-0.120856
 -1.27727
-0.416259
-0.151032
 -1.27711
-0.461284
-0.184259
 -1.27631
-0.507221
-0.220561
 -1.27474
-0.553876
-0.259939
 -1.27223
-0.601051
-0.302372
 -1.26864
-0.648543
-0.347821
 -1.26381
 -0.69615
-0.396227
 -1.25762
-0.743666
 -0.44751
 -1.24993
-0.790888
-0.501576
 -1.24062
-0.837612
-0.558313
 -1.22959
-0.883642
-0.617598
 -1.21675
-0.928781
-0.679297
 -1.20204
 -0.97284
-0.743264
 -1.18539
 -1.01564
-0.809351
 -1.16679
   -1.057
-0.877402
 -1.14622
 -1.09675
-0.947263
 -1.12368
 -1.13475
-1.01878
-1.09922
-1.17083
-1.09179
-1.07287
-1.20486
-1.16616
 -1.0447
-1.23671
-1.24173
 -1.0148
-1.26627
 -1.31837
-0.983273
 -1.29342
 -1.39594
-0.950226
 -1.31807
 -1.47432
-0.915791
 -1.34013
  -1.5534
-0.880109
 -1.35952
-1.63305
-0.84333
-1.37618
 -1.71319
-0.805614
 -1.39006
  -1.7937
-0.767129
  -1.4011
  -1.8745
-0.728046
 -1.40927
 -1.95549
-0.688545
 -1.41454
  -2.0366
-0.648804
  -1.4169
 -2.11773
-0.609008
 -1.41634
  -2.1988
-0.569338
 -1.41285
 -2.27973
-0.529976
 -1.40646
 -2.36043
-0.491103
 -1.39718
 -2.44081
-0.452893
 -1.38505
 -2.52077
-0.415519
 -1.37009
 -2.60021
-0.379144
 -1.35237
 -2.67903
-0.343925
 -1.33194
 -2.75712
-0.310009
 -1.30888
 -2.83435
-0.277532
 -1.28325
 -2.91059
-0.246617
 -1.25516
 -2.98571
-0.217375
 -1.22471
 -3.05958
-0.189899
   -1.192
 -3.13203
-0.164268
 -1.15717
 -3.20293
-0.140542
 -1.12033
-3.27211
-0.11876
-1.08164
  -3.33942
-0.0989461
  -1.04125
  -3.40471
-0.0811003
 -0.999316
  -3.46782
-0.0652043
 -0.956011
  -3.52861
-0.0512192
 -0.911514
  -3.58693
-0.0390869
 -0.866009
 -3.64265
-0.028731
-0.819689
  -3.69566
-0.0200575
 -0.772749
  -3.74584
-0.0129572
  -0.72539
   -3.79312
-0.00730765
  -0.677815
   -3.83741
-0.00297507
  -0.630228
   -3.87867
0.000182743
  -0.582833
  -3.91686
0.00231383
 -0.535835
  -3.95198
0.00356925
 -0.489433
  -3.98403
0.00410026
 -0.443825
  -4.01304
0.00405556
 -0.399203
  -4.03906
0.00357873
 -0.355752
  -4.06217
0.00280575
 -0.313652
  -4.08244
0.00186292
 -0.273074
   -4.09998
0.000865004
   -0.23418
    -4.11492
-8.63079e-05
   -0.197125
    -4.12739
-0.000903497
   -0.162052
   -4.13753
-0.00151402
  -0.129094
    -4.1455
-0.00186072
 -0.0983762
   -4.15146
-0.00190191
 -0.0700104
   -4.15558
-0.00161109
 -0.0440994
    -4.15804
-0.000976455
  -0.0207354
-4.15903
       0
       0

