100
    0
-0.25
    0
-0.00370804
  -0.256462
  -0.136062
-0.0168287
 -0.264906
 -0.253389
-0.038266
-0.274013
-0.354111
-0.0668934
 -0.282899
  -0.44029
-0.101647
-0.291012
-0.513844
 -0.14157
-0.298042
 -0.57651
 -0.18583
-0.303844
 -0.62983
-0.233717
-0.308383
-0.675153
-0.284632
-0.311695
-0.713653
-0.338073
-0.313854
 -0.74634
-0.393623
-0.314958
-0.774082
-0.450936
 -0.31511
 -0.79762
-0.509723
-0.314416
-0.817589
-0.569744
-0.312976
-0.834527
  -0.6308
-0.310885
-0.848892
-0.692725
-0.308226
-0.861075
-0.755381
-0.305076
-0.871406
-0.818651
-0.301503
-0.880167
-0.882439
-0.297566
-0.887596
-0.946663
-0.293317
-0.893896
 -1.01126
  -0.2888
-0.899237
 -1.07616
-0.284055
-0.903766
 -1.14133
-0.279114
-0.907607
 -1.20671
-0.274007
-0.910863
 -1.27229
-0.268758
-0.913624
 -1.33802
-0.263388
-0.915964
 -1.40389
-0.257916
-0.917949
 -1.46987
-0.252356
-0.919631
 -1.53595
-0.246722
-0.921057
 -1.60211
-0.241026
-0.922266
 -1.66834
-0.235275
 -0.92329
 -1.73463
-0.229479
-0.924158
 -1.80097
-0.223645
-0.924894
 -1.86735
-0.217778
-0.925516
 -1.93376
-0.211883
-0.926043
 -2.00021
-0.205965
-0.926488
 -2.06668
-0.200027
-0.926865
 -2.13317
-0.194073
-0.927182
 -2.19967
-0.188104
-0.927449
  -2.2662
-0.182124
-0.927673
 -2.33274
-0.176133
 -0.92786
 -2.39928
-0.170134
-0.928015
 -2.46584
-0.164129
-0.928143
  -2.5324
-0.158118
-0.928246
 -2.59897
-0.152102
-0.928329
 -2.66554
-0.146083
-0.928392
 -2.73212
-0.140061
-0.928438
  -2.7987
-0.134037
-0.928468
 -2.86528
-0.128013
-0.928483
 -2.93186
-0.121987
-0.928483
 -2.99844
-0.115963
-0.928468
 -3.06502
-0.109939
-0.928438
  -3.1316
-0.103917
-0.928392
 -3.19817
-0.097898
-0.928329
  -3.26474
-0.0918824
 -0.928246
   -3.3313
-0.0858712
 -0.928143
  -3.39786
-0.0798656
 -0.928015
   -3.4644
-0.0738669
  -0.92786
  -3.53094
-0.0678764
 -0.927673
  -3.59746
-0.0618958
 -0.927449
  -3.66397
-0.0559271
 -0.927182
  -3.73046
-0.0499725
 -0.926865
  -3.79693
-0.0440346
 -0.926488
  -3.86338
-0.0381166
 -0.926043
  -3.92979
-0.0322219
 -0.925516
 -3.99617
-0.026355
-0.924894
  -4.06251
-0.0205206
 -0.924158
   -4.1288
-0.0147248
  -0.92329
   -4.19502
-0.00897443
  -0.922266
   -4.26119
-0.00327755
  -0.921057
 -4.32726
0.0023563
-0.919631
  -4.39325
0.00791595
 -0.917949
 -4.45912
0.0133883
-0.915964
 -4.52485
0.0187579
-0.913624
 -4.59043
0.0240068
-0.910863
 -4.65581
0.0291139
-0.907607
 -4.72098
0.0340546
-0.903766
 -4.78588
   0.0388
-0.899237
 -4.85048
0.0433169
-0.893896
  -4.9147
0.0475662
-0.887596
 -4.97849
0.0515033
-0.880167
 -5.04176
0.0550762
-0.871406
 -5.10441
0.0582258
-0.861075
 -5.16634
0.0608846
-0.848892
 -5.22739
0.0629763
-0.834527
 -5.28742
0.0644159
-0.817589
 -5.3462
 0.06511
-0.79762
 -5.40352
0.0649579
-0.774082
 -5.45907
0.0638545
 -0.74634
 -5.51251
 0.061695
-0.713653
 -5.56342
0.0583831
-0.675153
 -5.61131
0.0538437
 -0.62983
-5.65557
0.048042
-0.57651
 -5.69549
0.0410122
-0.513844
 -5.73025
0.0328988
 -0.44029
 -5.75887
0.0240126
-0.354111
 -5.78031
0.0149057
-0.253389
  -5.79343
0.00646248
 -0.136062
-5.79714
       0
       0

