100
   0
-1.5
   0
0.000784108
   -1.49852
  0.0326671
0.00363656
  -1.49646
 0.0625332
0.00835289
  -1.49379
 0.0894967
0.0147257
 -1.49055
 0.113468
0.0225459
 -1.48676
 0.134368
0.0316039
 -1.48248
 0.152131
0.0416898
 -1.47777
   0.1667
0.0525944
  -1.4727
 0.178032
0.0641089
 -1.46736
 0.186091
0.0760254
 -1.46184
 0.190853
0.0881361
 -1.45622
 0.192303
0.100234
-1.45061
0.190438
0.112111
 -1.4451
0.185263
0.123561
-1.43979
0.176793
0.134375
-1.43476
0.165055
0.144344
 -1.4301
0.150083
0.153258
-1.42588
0.131925
0.160909
-1.42216
0.110636
 0.167086
 -1.41899
0.0862867
0.171581
-1.41639
0.058955
 0.174185
  -1.4144
0.0287328
   0.174697
     -1.413
-0.00427681
  0.172915
  -1.41217
-0.0399581
  0.168647
  -1.41186
-0.0781829
  0.16171
 -1.41201
-0.118811
 0.151929
 -1.41254
-0.161689
 0.139144
 -1.41334
-0.206652
 0.123212
 -1.41428
-0.253522
 0.104006
 -1.41521
-0.302112
0.0814201
 -1.41599
-0.352222
0.0553713
 -1.41642
-0.403643
0.0258005
 -1.41633
-0.456158
-0.0073257
  -1.41552
 -0.509541
-0.0440143
   -1.4138
 -0.563563
-0.0842457
  -1.41097
 -0.617988
-0.127974
 -1.40683
-0.672577
-0.175127
 -1.40121
-0.727091
-0.225608
 -1.39392
-0.781292
-0.279301
  -1.3848
-0.834942
-0.336067
 -1.37372
 -0.88781
-0.395752
 -1.36056
-0.939667
-0.458186
 -1.34521
-0.990293
-0.52319
 -1.3276
-1.03948
-0.590577
 -1.30768
 -1.08701
-0.660158
 -1.28544
 -1.13271
-0.731739
 -1.26087
 -1.17639
-0.805132
   -1.234
 -1.21788
-0.88015
 -1.2049
-1.25703
-0.956614
 -1.17362
 -1.29368
-1.03436
-1.14028
 -1.3277
-1.11321
-1.10498
-1.35898
-1.19303
-1.06787
-1.38741
-1.27368
 -1.0291
-1.41289
 -1.35502
-0.988834
 -1.43533
 -1.43694
-0.947247
 -1.45467
-1.51933
-0.90453
-1.47084
 -1.6021
-0.86088
 -1.4838
-1.68514
 -0.8165
 -1.4935
-1.76838
 -0.7716
-1.49991
 -1.85173
-0.726391
 -1.50302
 -1.93511
-0.681087
 -1.50281
 -2.01845
-0.635905
 -1.49929
 -2.10167
-0.591058
 -1.49246
 -2.18468
-0.546758
 -1.48236
  -2.2674
-0.503214
   -1.469
 -2.34974
-0.460628
 -1.45242
 -2.43159
-0.419196
 -1.43269
 -2.51286
-0.379105
 -1.40987
 -2.59341
-0.340533
 -1.38401
 -2.67311
-0.303643
 -1.35522
 -2.75184
-0.268586
  -1.3236
 -2.82943
-0.235495
 -1.28923
 -2.90572
-0.204486
 -1.25226
 -2.98055
-0.175654
 -1.21282
 -3.05372
-0.149073
 -1.17105
 -3.12507
-0.124794
 -1.12711
 -3.19438
-0.102842
 -1.08117
  -3.26148
-0.0832169
  -1.03341
  -3.32617
-0.0658938
 -0.984036
  -3.38827
-0.0508209
 -0.933244
   -3.4476
-0.0379214
 -0.881249
  -3.50399
-0.0270943
 -0.828271
  -3.55729
-0.0182159
 -0.774539
  -3.60736
-0.0111423
 -0.720286
   -3.65409
-0.00571209
  -0.665749
   -3.69739
-0.00174935
  -0.611168
   -3.73718
0.000932795
   -0.55678
  -3.77342
0.00252837
 -0.502825
  -3.8061
0.0032347
-0.449538
  -3.83523
0.00324852
 -0.397148
  -3.86084
0.00276216
 -0.345879
    -3.883
0.00195998
 -0.295948
  -3.90179
0.00101506
 -0.247563
   -3.91732
8.64001e-05
  -0.200921
    -3.92972
-0.000683571
   -0.156209
   -3.93914
-0.00117088
  -0.113604
   -3.94573
-0.00127143
 -0.0732681
    -3.94968
-0.000901873
  -0.0353539
-3.95116
       0
       0

