100
    0
-1.35
    0
0.000457581
   -1.34865
  0.0225748
0.00232121
   -1.3469
  0.042376
0.00539818
   -1.3448
 0.0593373
0.00949421
  -1.34237
 0.0734025
 0.014414
 -1.33968
0.0845256
0.0199618
 -1.33676
0.0926707
0.0259414
  -1.3337
0.0978117
0.0321567
 -1.33054
0.0999321
0.0384113
 -1.32738
0.0990254
 0.044509
 -1.32427
0.0950943
0.0502535
 -1.32129
0.0881513
0.0554487
  -1.3185
0.0782187
0.0598986
 -1.31596
0.0653285
0.0634076
 -1.31372
0.0495224
0.0657811
 -1.31183
0.0308526
 0.0668255
  -1.31031
0.00938147
 0.0663496
   -1.3092
-0.0148183
 0.0641648
  -1.30849
-0.0416632
 0.0600868
  -1.30818
-0.0710588
0.0539367
 -1.30824
  -0.1029
0.0455421
 -1.30864
 -0.13707
0.0347396
  -1.3093
-0.173443
0.0213759
 -1.31017
-0.211879
0.00530976
  -1.31114
 -0.252231
-0.0135858
  -1.31212
 -0.294339
-0.035422
 -1.31297
-0.338034
-0.0602924
  -1.31357
 -0.383139
-0.0882714
  -1.31377
 -0.429468
-0.119413
 -1.31341
-0.476827
-0.153749
 -1.31234
-0.525015
-0.191291
  -1.3104
-0.573828
-0.232027
 -1.30742
-0.623056
-0.275922
 -1.30325
-0.672486
 -0.32292
 -1.29772
-0.721907
-0.372947
 -1.29069
-0.771103
-0.425906
 -1.28204
-0.819863
-0.481687
 -1.27164
-0.867978
-0.540161
 -1.25938
-0.915244
-0.60119
 -1.2452
-0.96146
-0.664624
 -1.22902
 -1.00643
-0.730305
  -1.2108
 -1.04998
-0.798071
 -1.19051
 -1.09192
-0.867759
 -1.16817
 -1.13209
-0.939202
 -1.14378
 -1.17033
-1.01224
 -1.1174
-1.20649
-1.08671
-1.08908
-1.24043
-1.16246
-1.05891
-1.27204
-1.23934
-1.02699
-1.30119
 -1.31722
-0.993422
 -1.32777
 -1.39596
-0.958347
 -1.35171
 -1.47544
-0.921906
  -1.3729
 -1.55554
-0.884253
 -1.39129
 -1.63616
-0.845551
 -1.40681
 -1.71719
-0.805973
 -1.41941
 -1.79853
-0.765698
 -1.42905
 -1.88011
-0.724911
  -1.4357
-1.96183
 -0.6838
-1.43933
  -2.0436
-0.642554
 -1.43993
 -2.12536
-0.601366
 -1.43751
   -2.207
-0.560426
 -1.43208
 -2.28845
-0.519923
 -1.42363
 -2.36962
-0.480044
 -1.41222
-2.45041
-0.44097
-1.39786
 -2.53073
-0.402876
 -1.38062
 -2.61047
-0.365929
 -1.36054
 -2.68952
-0.330289
  -1.3377
 -2.76776
-0.296102
 -1.31216
 -2.84506
-0.263505
 -1.28403
 -2.92128
-0.232617
  -1.2534
 -2.99628
-0.203546
 -1.22038
 -3.06991
-0.176379
 -1.18509
 -3.14202
-0.151187
 -1.14767
-3.21243
-0.12802
-1.10825
 -3.28098
-0.106908
   -1.067
  -3.34752
-0.0878612
  -1.02408
  -3.41187
-0.0708653
 -0.979656
  -3.47389
-0.0558862
 -0.933915
   -3.5334
-0.0428685
 -0.887046
  -3.59028
-0.0317364
 -0.839248
  -3.64438
-0.0223949
 -0.790721
   -3.6956
-0.0147318
 -0.741674
  -3.74382
-0.0086197
 -0.692319
   -3.78897
-0.00391824
  -0.642866
   -3.83098
-0.00047697
  -0.593532
   -3.8698
0.00186182
 -0.544527
  -3.90543
0.00326001
 -0.496063
  -3.93785
0.00388061
 -0.448348
  -3.96709
0.00388471
 -0.401582
   -3.9932
0.00342855
 -0.355964
  -4.01624
0.00266081
 -0.311681
   -4.0363
0.00172022
 -0.268915
   -4.05349
0.000733385
   -0.22784
    -4.06792
-0.000186925
   -0.188617
    -4.07973
-0.000943144
     -0.1514
   -4.08907
-0.00145387
   -0.11633
    -4.0961
-0.00165441
 -0.0835405
   -4.10099
-0.00149697
 -0.0531509
    -4.10391
-0.000950473
  -0.0252712
-4.10505
       0
       0

