100
    0
-0.35
    0
-0.00330978
  -0.355048
  -0.119026
-0.0147678
 -0.361813
 -0.223714
-0.033547
-0.369281
 -0.31548
-0.0587946
 -0.376734
 -0.395709
-0.0896891
 -0.383682
 -0.465712
-0.125473
 -0.38982
-0.526698
-0.165467
-0.394969
-0.579766
-0.209072
 -0.39905
-0.625902
 -0.25577
-0.402044
-0.665985
-0.305113
-0.403977
-0.700792
-0.356717
-0.404903
-0.731005
-0.410254
-0.404891
-0.757222
-0.465447
-0.404016
-0.779968
-0.522055
-0.402357
-0.799699
-0.579879
-0.399992
-0.816811
-0.638744
-0.396996
-0.831652
-0.698503
-0.393437
-0.844521
-0.759032
-0.389379
 -0.85568
-0.820222
-0.384881
-0.865356
-0.881981
-0.379995
-0.873745
-0.944231
-0.374768
-0.881019
  -1.0069
-0.369242
-0.887325
 -1.06994
-0.363454
-0.892792
  -1.1333
-0.357438
-0.897531
 -1.19692
-0.351222
-0.901639
 -1.26078
-0.344832
  -0.9052
 -1.32484
 -0.33829
-0.908287
 -1.38908
-0.331617
-0.910961
 -1.45348
-0.324828
-0.913279
   -1.518
-0.317939
-0.915286
 -1.58263
-0.310964
-0.917025
 -1.64737
-0.303913
 -0.91853
 -1.71219
-0.296797
-0.919833
 -1.77708
-0.289625
-0.920959
 -1.84204
-0.282403
-0.921932
 -1.90705
-0.275139
-0.922772
  -1.9721
-0.267838
-0.923496
  -2.0372
-0.260506
-0.924118
 -2.10233
-0.253147
-0.924652
  -2.1675
-0.245765
-0.925107
 -2.23269
-0.238363
-0.925494
 -2.29789
-0.230944
 -0.92582
 -2.36312
-0.223511
-0.926093
 -2.42836
-0.216066
-0.926317
 -2.49362
-0.208612
-0.926497
 -2.55888
 -0.20115
-0.926636
 -2.62415
-0.193682
-0.926739
 -2.68943
-0.186211
-0.926806
 -2.75471
-0.178737
-0.926839
 -2.81999
-0.171263
-0.926839
 -2.88527
-0.163789
-0.926806
 -2.95055
-0.156318
-0.926739
 -3.01582
 -0.14885
-0.926636
 -3.08108
-0.141388
-0.926497
 -3.14634
-0.133934
-0.926317
 -3.21158
-0.126489
-0.926093
 -3.27681
-0.119056
 -0.92582
 -3.34202
-0.111637
-0.925494
  -3.4072
-0.104235
-0.925107
  -3.47237
-0.0968528
 -0.924652
   -3.5375
-0.0894936
 -0.924118
   -3.6026
-0.0821615
 -0.923496
  -3.66766
-0.0748609
 -0.922772
  -3.73267
-0.0675969
 -0.921932
  -3.79762
-0.0603753
 -0.920959
  -3.86251
-0.0532027
 -0.919833
  -3.92733
-0.0460867
  -0.91853
 -3.99207
-0.039036
-0.917025
   -4.0567
-0.0320607
 -0.915286
  -4.12123
-0.0251721
 -0.913279
  -4.18562
-0.0183834
 -0.910961
  -4.24986
-0.0117095
 -0.908287
   -4.31392
-0.00516777
    -0.9052
  -4.37778
0.00122227
 -0.901639
  -4.44141
0.00743817
 -0.897531
 -4.50476
0.0134544
-0.892792
  -4.5678
 0.019242
-0.887325
 -4.63047
0.0247678
-0.881019
 -4.69272
0.0299948
-0.873745
 -4.75448
 0.034881
-0.865356
 -4.81567
0.0393791
 -0.85568
  -4.8762
0.0434368
-0.844521
 -4.93596
0.0469959
-0.831652
 -4.99482
0.0499924
-0.816811
 -5.05265
 0.052357
-0.799699
 -5.10925
0.0540156
-0.779968
 -5.16445
0.0548907
-0.757222
 -5.21798
0.0549034
-0.731005
 -5.26959
0.0539774
-0.700792
 -5.31893
0.0520439
-0.665985
 -5.36563
0.0490499
-0.625902
 -5.40923
0.0449694
-0.579766
 -5.44923
0.0398196
-0.526698
 -5.48501
0.0336823
-0.465712
 -5.51591
0.0267335
-0.395709
 -5.54115
0.0192814
 -0.31548
 -5.55993
0.0118127
-0.223714
  -5.57139
0.00504797
 -0.119026
-5.5747
      0
      0

