100
   0
-1.4
   0
0.000580643
    -1.3986
  0.0263646
0.00281658
  -1.39674
 0.0499454
0.00651123
  -1.39443
 0.0706629
 0.011466
 -1.39171
0.0884484
0.017481
-1.38862
0.103244
0.024356
-1.38522
0.115002
0.0318901
 -1.38156
 0.123685
0.0398829
 -1.37773
 0.129266
0.0481336
  -1.3738
 0.131727
0.0564419
 -1.36985
 0.131061
0.0646073
 -1.36595
 0.127269
0.0724292
 -1.36219
 0.120364
0.0797071
 -1.35864
 0.110368
0.0862403
 -1.35536
0.0973106
0.0918282
 -1.35242
0.0812351
0.0962706
 -1.34987
 0.062193
0.0993681
 -1.34775
0.0402468
 0.100923
 -1.34608
0.0154699
  0.100739
  -1.34488
-0.0120535
0.0986259
 -1.34415
-0.042228
 0.0943954
  -1.34385
-0.0749466
0.0878674
 -1.34397
-0.110091
0.0788697
 -1.34443
-0.147532
0.0672401
 -1.34516
-0.187127
 0.052829
 -1.34606
-0.228725
0.0355007
 -1.34704
-0.272162
0.0151359
 -1.34796
-0.317264
-0.00836648
   -1.34868
  -0.363848
-0.0350874
  -1.34905
 -0.411722
-0.0650865
   -1.3489
 -0.460685
-0.0984007
  -1.34807
  -0.51053
-0.135044
 -1.34638
-0.561043
-0.175005
 -1.34366
-0.612008
 -0.21825
 -1.33973
-0.663203
-0.264723
 -1.33444
-0.714406
-0.314345
 -1.32761
-0.765395
-0.367017
 -1.31912
-0.815949
 -0.42262
 -1.30883
-0.865851
-0.481022
 -1.29662
-0.914886
-0.542075
 -1.28241
-0.962848
-0.605622
 -1.26612
 -1.00953
-0.671495
 -1.24771
 -1.05475
-0.739525
 -1.22715
 -1.09832
-0.809537
 -1.20443
 -1.14006
-0.881357
 -1.17958
 -1.17981
-0.954815
 -1.15264
 -1.21741
-1.02974
-1.12367
-1.25273
-1.10598
-1.09275
-1.28563
-1.18338
-1.05999
  -1.316
-1.26178
-1.02551
-1.34372
 -1.34106
-0.989439
 -1.36871
 -1.42109
-0.951927
 -1.39087
 -1.50175
-0.913135
 -1.41013
 -1.58293
-0.873234
 -1.42642
 -1.66452
-0.832403
  -1.4397
 -1.74644
-0.790829
 -1.44993
 -1.82859
-0.748703
 -1.45706
 -1.91089
-0.706222
 -1.46109
 -1.99325
-0.663583
 -1.46198
 -2.07559
-0.620988
 -1.45975
 -2.15783
-0.578634
  -1.4544
 -2.23989
-0.536719
 -1.44595
 -2.32169
-0.495438
 -1.43442
 -2.40311
-0.454981
 -1.41985
-2.48408
-0.41553
-1.40228
 -2.56449
-0.377263
 -1.38178
 -2.64421
-0.340346
 -1.35841
 -2.72314
-0.304934
 -1.33224
-2.80113
-0.27117
-1.30338
 -2.87805
-0.239182
 -1.27192
 -2.95375
-0.209084
 -1.23798
 -3.02807
-0.180968
 -1.20167
-3.10085
-0.15491
-1.16313
 -3.17192
-0.130965
 -1.12251
 -3.24111
-0.109165
 -1.07998
  -3.30825
-0.0895207
  -1.03568
  -3.37315
-0.0720187
 -0.989816
  -3.43565
-0.0566233
 -0.942563
 -3.49559
-0.043276
-0.894119
  -3.55282
-0.0318964
 -0.844689
  -3.60719
-0.0223837
 -0.794483
  -3.65858
-0.0146184
 -0.743716
   -3.70687
-0.00846432
  -0.692609
  -3.75198
-0.0037716
 -0.641382
    -3.79383
-0.000379294
   -0.590258
  -3.83238
0.00188139
 -0.539459
   -3.8676
0.00318378
 -0.489204
   -3.8995
0.00370238
 -0.439709
  -3.9281
0.0036096
-0.391185
  -3.95344
0.00307253
 -0.343837
   -3.9756
0.00225005
 -0.297861
  -3.99465
0.00129014
 -0.253446
  -4.01072
0.00032761
 -0.210772
    -4.02393
-0.000517806
   -0.170007
   -4.03442
-0.00114291
  -0.131312
   -4.04235
-0.00146205
 -0.0948328
   -4.04788
-0.00140772
 -0.0607064
    -4.05118
-0.000930743
  -0.0290577
-4.05245
       0
       0

