100
    0
-0.45
    0
-0.00293343
  -0.453745
   -0.10247
-0.0128222
 -0.458961
 -0.194443
-0.0290698
 -0.464893
  -0.27679
-0.051058
-0.470971
-0.350373
-0.0781797
 -0.476781
 -0.416019
 -0.10986
-0.482035
-0.474509
 -0.14557
-0.486541
-0.526571
-0.184825
-0.490185
-0.572873
-0.227196
-0.492906
-0.614026
-0.272299
-0.494688
-0.650584
-0.319796
 -0.49554
-0.683047
-0.369389
-0.495494
-0.711864
-0.420819
-0.494594
-0.737439
-0.473857
-0.492891
 -0.76013
-0.528306
-0.490442
-0.780261
-0.583991
-0.487305
-0.798118
-0.640761
-0.483535
-0.813956
-0.698485
-0.479189
-0.828001
-0.757046
-0.474318
-0.840456
-0.816344
-0.468974
-0.851499
-0.876289
-0.463201
 -0.86129
-0.936806
-0.457042
-0.869971
-0.997825
-0.450536
-0.877666
 -1.05929
 -0.44372
-0.884487
 -1.12114
-0.436625
-0.890531
 -1.18334
-0.429281
-0.895888
 -1.24584
-0.421715
-0.900633
 -1.30861
-0.413951
-0.904837
 -1.37161
 -0.40601
-0.908559
 -1.43483
-0.397911
-0.911853
 -1.49823
-0.389673
-0.914768
 -1.56179
 -0.38131
-0.917345
  -1.6255
-0.372838
-0.919621
 -1.68933
-0.364268
-0.921631
 -1.75328
-0.355611
-0.923402
 -1.81732
-0.346878
 -0.92496
 -1.88145
-0.338079
-0.926329
 -1.94565
 -0.32922
-0.927527
 -2.00992
 -0.32031
-0.928572
 -2.07425
-0.311354
 -0.92948
 -2.13863
 -0.30236
-0.930263
 -2.20305
-0.293332
-0.930933
  -2.2675
-0.284275
-0.931499
 -2.33199
-0.275195
 -0.93197
  -2.3965
-0.266094
-0.932353
 -2.46103
-0.256978
-0.932653
 -2.52558
 -0.24785
-0.932874
 -2.59014
-0.238713
-0.933019
  -2.6547
-0.229572
-0.933091
 -2.71926
-0.220428
-0.933091
 -2.78383
-0.211287
-0.933019
 -2.84838
 -0.20215
-0.932874
 -2.91293
-0.193022
-0.932653
 -2.97746
-0.183906
-0.932353
 -3.04197
-0.174805
 -0.93197
 -3.10646
-0.165725
-0.931499
 -3.17091
-0.156668
-0.930933
 -3.23533
 -0.14764
-0.930263
 -3.29971
-0.138646
 -0.92948
 -3.36404
 -0.12969
-0.928572
 -3.42831
 -0.12078
-0.927527
 -3.49251
-0.111921
-0.926329
 -3.55664
-0.103122
 -0.92496
  -3.62068
-0.0943888
 -0.923402
  -3.68463
-0.0857324
 -0.921631
  -3.74846
-0.0771622
 -0.919621
  -3.81217
-0.0686896
 -0.917345
  -3.87573
-0.0603272
 -0.914768
  -3.93913
-0.0520889
 -0.911853
  -4.00235
-0.0439905
 -0.908559
  -4.06535
-0.0360493
 -0.904837
  -4.12812
-0.0282848
 -0.900633
  -4.19063
-0.0207187
 -0.895888
  -4.25282
-0.0133749
 -0.890531
   -4.31468
-0.00628005
  -0.884487
   -4.37614
0.000536341
  -0.877666
 -4.43716
0.0070418
-0.869971
 -4.49767
0.0132006
 -0.86129
 -4.55762
0.0189737
-0.851499
 -4.61692
0.0243184
-0.840456
 -4.67548
0.0291886
-0.828001
  -4.7332
0.0335349
-0.813956
 -4.78997
0.0373046
-0.798118
 -4.84566
0.0404424
-0.780261
 -4.90011
0.0428914
 -0.76013
 -4.95314
 0.044594
-0.737439
 -5.00457
0.0454942
-0.711864
 -5.05417
0.0455401
-0.683047
 -5.10166
0.0446878
-0.650584
 -5.14677
0.0429062
-0.614026
 -5.18914
0.0401846
-0.572873
 -5.22839
 0.036541
-0.526571
  -5.2641
0.0320348
-0.474509
 -5.29578
0.0267814
-0.416019
  -5.3229
0.0209712
-0.350373
 -5.34489
0.0148931
 -0.27679
  -5.36114
0.00896122
 -0.194443
 -5.37103
0.0037449
 -0.10247
-5.37396
       0
       0

