100
    0
-1.05
    0
-0.000748785
    -1.04924
  -0.0155575
-0.00260127
   -1.04875
 -0.0328698
-0.00567841
   -1.04853
 -0.0518903
-0.0100988
  -1.04859
-0.0725673
 -0.015978
  -1.04891
-0.0948442
-0.0234283
  -1.04949
 -0.118659
-0.0325578
  -1.05029
 -0.143945
-0.0434698
  -1.05129
 -0.170629
-0.056262
 -1.05245
-0.198636
-0.071026
 -1.05373
-0.227883
-0.0878464
  -1.05506
 -0.258284
  -0.1068
 -1.05638
-0.289748
-0.127956
 -1.05763
-0.322181
-0.151373
 -1.05874
-0.355484
  -0.1771
 -1.05962
-0.389554
-0.205179
 -1.06019
-0.424286
-0.235638
 -1.06036
-0.459573
-0.268494
 -1.06004
-0.495303
-0.303756
 -1.05915
-0.531363
-0.34142
-1.05759
-0.56764
 -0.38147
 -1.05528
-0.604019
 -0.42388
 -1.05212
-0.640385
-0.468616
 -1.04805
-0.676621
 -0.51563
 -1.04297
-0.712614
-0.564867
 -1.03682
-0.748249
-0.616264
 -1.02954
-0.783415
-0.669749
 -1.02107
-0.818002
-0.725242
 -1.01135
-0.851901
 -0.78266
 -1.00036
-0.885008
-0.841912
-0.988066
-0.917222
-0.902906
-0.974446
-0.948444
-0.965543
-0.959493
-0.978581
 -1.02973
-0.943211
 -1.00754
 -1.09535
-0.925613
 -1.03525
-1.16232
-0.90672
-1.06161
 -1.23054
-0.886567
 -1.08655
  -1.2999
-0.865195
 -1.11001
  -1.3703
-0.842657
 -1.13192
 -1.44165
-0.819014
 -1.15221
 -1.51386
-0.794333
 -1.17083
 -1.58683
-0.768691
 -1.18774
 -1.66047
-0.742171
 -1.20288
  -1.7347
-0.714861
 -1.21621
 -1.80943
-0.686856
  -1.2277
 -1.88458
-0.658255
 -1.23733
-1.96008
-0.62916
-1.24505
 -2.03583
-0.599679
 -1.25087
 -2.11178
-0.569919
 -1.25475
 -2.18783
-0.539992
  -1.2567
 -2.26393
-0.510008
  -1.2567
 -2.33998
-0.480081
 -1.25475
 -2.41593
-0.450321
 -1.25087
-2.49168
-0.42084
-1.24505
 -2.56718
-0.391745
 -1.23733
 -2.64233
-0.363144
  -1.2277
 -2.71706
-0.335139
 -1.21621
 -2.79129
-0.307829
 -1.20288
 -2.86493
-0.281309
 -1.18774
  -2.9379
-0.255667
 -1.17083
 -3.01011
-0.230986
 -1.15221
 -3.08146
-0.207343
 -1.13192
 -3.15186
-0.184805
 -1.11001
 -3.22122
-0.163433
 -1.08655
-3.28943
-0.14328
-1.06161
 -3.35641
-0.124387
 -1.03525
 -3.42203
-0.106789
 -1.00754
  -3.48622
-0.0905067
 -0.978581
  -3.54885
-0.0755544
 -0.948444
  -3.60985
-0.0619341
 -0.917222
   -3.6691
-0.0496379
 -0.885008
  -3.72652
-0.0386474
 -0.851901
  -3.78201
-0.0289341
 -0.818002
  -3.83549
-0.0204597
 -0.783415
  -3.88689
-0.0131766
 -0.748249
   -3.93613
-0.00702866
  -0.712614
   -3.98314
-0.00195184
  -0.676621
  -4.02788
0.00212498
 -0.640385
  -4.07029
0.00527891
 -0.604019
  -4.11034
0.00759201
  -0.56764
    -4.148
0.00915016
 -0.531363
 -4.18326
0.0100419
-0.495303
 -4.21612
0.0103571
-0.459573
 -4.24658
0.0101859
-0.424286
  -4.27466
0.00961745
 -0.389554
  -4.30039
0.00873871
 -0.355484
   -4.3238
0.00763341
 -0.322181
  -4.34496
0.00638103
 -0.289748
  -4.36391
0.00505588
 -0.258284
  -4.38073
0.00372632
 -0.227883
   -4.3955
0.00245406
 -0.198636
  -4.40829
0.00129364
 -0.170629
    -4.4192
0.000291968
  -0.143945
    -4.42833
-0.000511897
   -0.118659
   -4.43578
-0.00108695
 -0.0948442
   -4.44166
-0.00141024
 -0.0725673
   -4.44608
-0.00146677
 -0.0518903
  -4.44916
-0.0012493
-0.0328698
    -4.45101
-0.000757977
  -0.0155575
-4.45176
       0
       0

