100
 0
-1
 0
-0.000900863
   -0.999394
  -0.0208535
-0.00325088
  -0.999134
 -0.0430588
-0.0071467
 -0.999206
-0.0665633
-0.0126817
 -0.999592
-0.0913106
-0.0199457
  -1.00026
 -0.117241
-0.0290238
  -1.00119
  -0.14429
-0.0399966
  -1.00233
 -0.172391
-0.052939
 -1.00363
-0.201473
-0.0679198
  -1.00505
 -0.231463
-0.0850013
  -1.00652
 -0.262283
-0.104239
 -1.00799
-0.293854
-0.125679
 -1.00937
-0.326094
-0.149362
 -1.01061
-0.358917
-0.175318
 -1.01161
-0.392237
-0.203569
 -1.01231
-0.425964
-0.234129
 -1.01263
-0.460009
-0.267002
 -1.01247
 -0.49428
-0.302182
 -1.01177
-0.528684
-0.339655
 -1.01044
-0.563129
-0.379399
 -1.00841
-0.597522
-0.421381
  -1.0056
-0.631769
-0.465562
 -1.00193
-0.665779
-0.511894
-0.997355
 -0.69946
-0.560323
-0.991801
-0.732722
-0.610786
-0.985219
-0.765476
-0.663217
 -0.97756
-0.797636
-0.717542
-0.968785
-0.829116
-0.773685
-0.958863
-0.859836
-0.831563
-0.947769
-0.889715
-0.891093
-0.935489
-0.918678
-0.952187
-0.922015
 -0.94665
 -1.01476
-0.907348
-0.973561
 -1.07871
  -0.8915
-0.999345
 -1.14397
-0.874488
 -1.02394
 -1.21043
-0.856339
 -1.04728
 -1.27801
-0.837088
 -1.06932
 -1.34661
-0.816776
    -1.09
 -1.41616
-0.795453
 -1.10927
 -1.48657
-0.773173
 -1.12709
-1.55775
   -0.75
-1.14342
 -1.62962
-0.726001
 -1.15822
 -1.70211
-0.701248
 -1.17146
 -1.77512
-0.675819
 -1.18311
  -1.8486
-0.649797
 -1.19314
 -1.92246
-0.623265
 -1.20153
 -1.99664
-0.596314
 -1.20827
 -2.07106
-0.569033
 -1.21334
 -2.14565
-0.541515
 -1.21672
 -2.22034
-0.513854
 -1.21841
 -2.29507
-0.486146
 -1.21841
 -2.36976
-0.458485
 -1.21672
 -2.44435
-0.430967
 -1.21334
 -2.51876
-0.403686
 -1.20827
 -2.59294
-0.376735
 -1.20153
  -2.6668
-0.350203
 -1.19314
 -2.74028
-0.324181
 -1.18311
  -2.8133
-0.298752
 -1.17146
 -2.88578
-0.273999
 -1.15822
-2.95766
   -0.25
-1.14342
 -3.02884
-0.226827
 -1.12709
 -3.09924
-0.204547
 -1.10927
 -3.16879
-0.183224
    -1.09
  -3.2374
-0.162912
 -1.06932
 -3.30498
-0.143661
 -1.04728
 -3.37144
-0.125512
 -1.02394
 -3.43669
  -0.1085
-0.999345
  -3.50065
-0.0926518
 -0.973561
  -3.56322
-0.0779855
  -0.94665
  -3.62431
-0.0645112
 -0.918678
  -3.68384
-0.0522307
 -0.889715
  -3.74172
-0.0411369
 -0.859836
  -3.79786
-0.0312146
 -0.829116
  -3.85219
-0.0224399
 -0.797636
  -3.90462
-0.0147811
 -0.765476
   -3.95508
-0.00819854
  -0.732722
   -4.00351
-0.00264516
   -0.69946
  -4.04984
0.00193288
 -0.665779
  -4.09402
0.00559567
 -0.631769
  -4.13601
0.00840882
 -0.597522
 -4.17575
0.0104427
-0.563129
 -4.21322
0.0117717
-0.528684
  -4.2484
0.0124732
 -0.49428
 -4.28128
0.0126266
-0.460009
 -4.31184
0.0123128
-0.425964
 -4.34009
0.0116125
-0.392237
 -4.36604
0.0106062
-0.358917
 -4.38973
0.0093724
-0.326094
  -4.41117
0.00798736
 -0.293854
   -4.4304
0.00652395
 -0.262283
  -4.44749
0.00505103
 -0.231463
  -4.46247
0.00363272
 -0.201473
  -4.47541
0.00232783
 -0.172391
  -4.48638
0.00118932
  -0.14429
   -4.49546
0.000263938
  -0.117241
    -4.50272
-0.000408168
  -0.0913106
    -4.50826
-0.000793612
  -0.0665633
    -4.51215
-0.000865927
  -0.0430588
     -4.5145
-0.000605596
  -0.0208535
-4.5154
      0
      0

