100
   0
-2.1
   0
0.00156811
  -2.09818
 0.0574115
0.00680627
   -2.0952
  0.111943
0.0154587
 -2.09095
 0.163395
0.0272592
 -2.08534
 0.211587
0.0419356
 -2.07832
 0.256357
0.059214
-2.06988
0.297562
0.0788219
 -2.06004
 0.335076
0.100491
-2.04886
0.368789
0.123959
-2.03643
0.398607
 0.14897
-2.02284
 0.42445
0.175279
-2.00824
0.446252
0.202644
-1.99277
 0.46396
0.230835
 -1.9766
 0.47753
0.259625
-1.95991
0.486931
0.288793
-1.94288
0.492141
0.318122
-1.92571
0.493149
0.347394
-1.90859
0.489952
0.376393
-1.89171
0.482558
0.404899
-1.87527
0.470983
0.432688
-1.85944
0.455254
0.459533
-1.84441
0.435409
0.485197
-1.83032
0.411495
0.509436
-1.81732
0.383573
0.531999
-1.80552
0.351717
0.552628
-1.79504
0.316012
0.571057
-1.78592
0.276562
0.587015
-1.77822
0.233484
0.600228
-1.77194
0.186913
0.610423
-1.76704
0.137003
 0.617331
 -1.76347
0.0839235
 0.620689
 -1.76111
0.0278664
  0.62025
 -1.75982
-0.030959
  0.615784
  -1.75942
-0.0923241
 0.607083
  -1.7597
-0.155981
  0.59397
 -1.76039
-0.221666
 0.576302
 -1.76123
-0.289096
 0.553971
  -1.7619
-0.357975
 0.526913
 -1.76209
-0.427994
 0.495108
 -1.76146
-0.498834
 0.458582
 -1.75967
-0.570169
 0.417405
  -1.7564
-0.641666
 0.371692
 -1.75133
-0.712994
0.321601
-1.74414
-0.78382
 0.267324
 -1.73458
-0.853819
 0.209089
 -1.72238
-0.922672
 0.147152
 -1.70736
-0.990068
0.0817855
 -1.68933
 -1.05571
0.0132805
 -1.66818
 -1.11933
-0.0580669
  -1.64382
  -1.18064
-0.131959
 -1.61622
 -1.23941
-0.208102
 -1.58539
 -1.29541
-0.286213
 -1.55136
 -1.34842
-0.366023
 -1.51423
 -1.39827
-0.447282
 -1.47412
 -1.44477
-0.529759
 -1.43118
 -1.48777
-0.613248
 -1.38558
 -1.52715
-0.697564
 -1.33752
 -1.56277
-0.782545
 -1.28724
 -1.59455
-0.868053
 -1.23496
 -1.62239
-0.953971
 -1.18094
 -1.64622
 -1.0402
-1.12545
-1.66598
-1.12666
-1.06876
-1.68162
-1.21328
-1.01114
-1.69311
     -1.3
-0.952875
 -1.70042
 -1.38678
-0.894255
 -1.70353
 -1.47357
-0.835567
 -1.70244
 -1.56032
-0.777097
 -1.69714
   -1.647
-0.719133
 -1.68765
 -1.73354
-0.661959
   -1.674
 -1.81989
-0.605857
  -1.6562
-1.90596
 -0.5511
-1.63432
 -1.99168
-0.497958
 -1.60839
 -2.07693
-0.446688
 -1.57849
 -2.16159
-0.397536
  -1.5447
 -2.24549
-0.350733
 -1.50711
 -2.32848
-0.306491
 -1.46583
-2.41035
  -0.265
-1.42099
 -2.49088
-0.226424
 -1.37272
-2.56984
 -0.1909
-1.32121
 -2.64696
-0.158528
 -1.26661
 -2.72197
-0.129374
 -1.20915
 -2.79457
-0.103465
 -1.14902
  -2.86448
-0.0807837
  -1.08648
  -2.93139
-0.0612713
  -1.02177
    -2.995
-0.0448245
 -0.955179
  -3.05505
-0.0312964
 -0.886986
  -3.11125
-0.0204989
 -0.817498
  -3.16337
-0.0122053
 -0.747028
   -3.21121
-0.00615471
  -0.675899
   -3.25458
-0.00205754
  -0.604441
   -3.29334
0.000398257
  -0.532987
  -3.32742
0.00154005
 -0.461869
  -3.35675
0.00170302
 -0.391416
  -3.38134
0.00122244
 -0.321951
   -3.40123
0.000426139
  -0.253789
    -3.41652
-0.000372631
   -0.187231
  -3.42731
-0.0008817
 -0.122568
    -3.43378
-0.000835569
  -0.0600726
-3.43613
       0
       0

