100
    0
-1.25
    0
0.000111448
   -1.24876
  0.0120006
0.000930342
   -1.24733
  0.0212574
0.00227181
  -1.24576
 0.0277394
0.0039503
 -1.24409
0.0314252
0.00577991
  -1.24238
 0.0323026
0.00757453
  -1.24068
 0.0303687
0.00914813
  -1.23905
 0.0256298
0.0103149
 -1.23752
0.0181017
 0.0108895
  -1.23616
0.00780931
  0.0106874
     -1.235
-0.00521281
0.00952521
  -1.23408
-0.0209207
0.00722133
  -1.23342
-0.0392607
 0.0035964
  -1.23304
-0.0601694
-0.0015258
  -1.23295
-0.0835736
-0.00831745
   -1.23314
   -0.10939
-0.0169456
  -1.23358
 -0.137525
-0.0275709
  -1.23425
 -0.167876
-0.0403463
   -1.2351
  -0.20033
-0.0554158
  -1.23607
 -0.234763
-0.0729124
  -1.23708
 -0.271042
-0.0929571
  -1.23804
 -0.309025
-0.115657
 -1.23885
-0.348562
-0.141105
 -1.23941
-0.389494
-0.169376
 -1.23958
-0.431652
-0.200528
 -1.23924
-0.474862
-0.234601
 -1.23826
-0.518945
-0.271616
 -1.23649
-0.563715
-0.311574
  -1.2338
-0.608982
-0.354456
 -1.23004
-0.654553
-0.400225
 -1.22509
-0.700234
-0.448825
 -1.21881
-0.745829
-0.500185
 -1.21108
-0.791144
-0.554214
  -1.2018
-0.835986
 -0.61081
 -1.19088
-0.880165
-0.669857
 -1.17822
-0.923493
 -0.73123
 -1.16378
-0.965792
-0.794794
  -1.1475
 -1.00688
-0.860409
 -1.12935
  -1.0466
-0.927929
 -1.10933
 -1.08479
-0.99721
-1.08745
-1.12129
 -1.0681
-1.06373
-1.15596
-1.14046
-1.03822
-1.18866
-1.21415
-1.01099
-1.21928
 -1.28902
-0.982117
  -1.2477
-1.36495
-0.95169
-1.27381
  -1.4418
-0.919823
 -1.29751
 -1.51946
-0.886636
 -1.31874
 -1.59781
-0.852264
  -1.3374
 -1.67674
-0.816849
 -1.35344
 -1.75615
-0.780543
 -1.36679
 -1.83594
-0.743504
 -1.37743
 -1.91602
-0.705897
  -1.3853
 -1.9963
-0.66789
-1.39039
 -2.07669
-0.629656
 -1.39267
 -2.15711
-0.591367
 -1.39214
 -2.23747
-0.553198
  -1.3888
 -2.31768
-0.515322
 -1.38267
 -2.39766
-0.477908
 -1.37375
 -2.47732
-0.441126
 -1.36209
 -2.55656
-0.405136
 -1.34772
 -2.63529
-0.370096
 -1.33069
 -2.71339
-0.336153
 -1.31105
 -2.79076
-0.303447
 -1.28889
 -2.86728
-0.272108
 -1.26427
 -2.94282
-0.242252
 -1.23728
 -3.01727
-0.213983
 -1.20802
 -3.09047
-0.187392
 -1.17661
  -3.1623
-0.162552
 -1.14315
 -3.2326
-0.13952
-1.10777
 -3.30124
-0.118335
 -1.07062
  -3.36806
-0.0990206
  -1.03184
  -3.43292
-0.0815778
 -0.991589
 -3.49568
-0.065991
-0.950023
  -3.55619
-0.0522256
 -0.907317
  -3.61433
-0.0402293
 -0.863647
  -3.66997
-0.0299322
 -0.819197
  -3.72301
-0.0212489
 -0.774155
  -3.77334
-0.0140794
 -0.728712
   -3.82089
-0.00831155
  -0.683061
   -3.86558
-0.00382253
  -0.637399
    -3.90736
-0.000481615
   -0.591919
  -3.94621
0.00184751
 -0.546817
  -3.98212
0.00330421
 -0.502283
  -4.01509
0.00402836
 -0.458507
  -4.04516
0.00415779
 -0.415671
  -4.07236
0.00382595
 -0.373954
 -4.09676
0.0031597
-0.333528
  -4.11845
0.00227731
 -0.294556
  -4.13753
0.00128678
 -0.257196
    -4.1541
0.000284446
  -0.221595
    -4.16829
-0.000646147
   -0.187891
   -4.18024
-0.00143495
  -0.156214
   -4.19009
-0.00202588
  -0.126683
   -4.19801
-0.00237688
  -0.099408
  -4.20416
-0.0024598
 -0.074488
    -4.2087
-0.00225988
 -0.0520127
    -4.2118
-0.00177505
 -0.0320615
   -4.21366
-0.00101498
  -0.014704
-4.21444
       0
       0

