100
    0
-0.55
    0
-0.00256159
  -0.552561
 -0.0860871
-0.0109302
 -0.556362
 -0.165019
-0.0247067
 -0.560863
 -0.237266
-0.0434741
 -0.565636
 -0.303297
-0.0668148
 -0.570345
 -0.363574
-0.0943225
 -0.574733
 -0.418541
 -0.12561
-0.578614
-0.468624
-0.160316
-0.581853
-0.514224
-0.198105
-0.584361
-0.555716
-0.238669
-0.586082
-0.593453
-0.281727
-0.586988
 -0.62776
-0.327026
-0.587074
-0.658938
-0.374337
-0.586348
-0.687262
-0.423453
-0.584829
-0.712989
-0.474189
-0.582548
-0.736351
-0.526379
-0.579539
-0.757561
-0.579875
-0.575839
-0.776814
-0.634542
-0.571488
-0.794288
-0.690263
-0.566527
-0.810144
 -0.74693
-0.560998
 -0.82453
-0.804448
-0.554939
 -0.83758
 -0.86273
 -0.54839
-0.849415
-0.921701
-0.541388
-0.860148
-0.981291
-0.533968
-0.869877
 -1.04144
-0.526163
-0.878695
 -1.10209
-0.518004
-0.886684
 -1.16319
-0.509523
-0.893919
  -1.2247
-0.500744
-0.900469
 -1.28658
-0.491696
-0.906395
 -1.34878
  -0.4824
-0.911753
 -1.41129
 -0.47288
-0.916594
 -1.47406
-0.463156
-0.920962
 -1.53707
-0.453246
  -0.9249
 -1.60029
-0.443169
-0.928444
 -1.66371
-0.432939
-0.931628
 -1.72731
-0.422574
-0.934482
 -1.79105
-0.412085
-0.937032
 -1.85494
-0.401486
-0.939304
 -1.91894
 -0.39079
-0.941317
 -1.98306
-0.380007
-0.943092
 -2.04727
-0.369147
-0.944644
-2.11156
-0.35822
-0.94599
 -2.17592
-0.347236
 -0.94714
 -2.24034
-0.336203
-0.948107
 -2.30482
 -0.32513
-0.948899
 -2.36933
-0.314023
-0.949524
 -2.43387
-0.302892
-0.949988
 -2.49843
-0.291742
-0.950295
 -2.56301
-0.280582
-0.950447
 -2.62759
-0.269418
-0.950447
 -2.69217
-0.258258
-0.950295
 -2.75674
-0.247108
-0.949988
 -2.82128
-0.235977
-0.949524
 -2.88579
 -0.22487
-0.948899
 -2.95026
-0.213797
-0.948107
 -3.01468
-0.202764
 -0.94714
-3.07905
-0.19178
-0.94599
 -3.14334
-0.180853
-0.944644
 -3.20755
-0.169993
-0.943092
 -3.27166
 -0.15921
-0.941317
 -3.33567
-0.148514
-0.939304
 -3.39955
-0.137915
-0.937032
  -3.4633
-0.127426
-0.934482
 -3.52689
-0.117061
-0.931628
 -3.59031
-0.106831
-0.928444
  -3.65354
-0.0967538
   -0.9249
  -3.71655
-0.0868441
 -0.920962
  -3.77932
-0.0771197
 -0.916594
  -3.84182
-0.0675996
 -0.911753
  -3.90403
-0.0583042
 -0.906395
  -3.96591
-0.0492555
 -0.900469
  -4.02741
-0.0404775
 -0.893919
  -4.08852
-0.0319956
 -0.886684
  -4.14917
-0.0238375
 -0.878695
  -4.20931
-0.0160325
 -0.869877
    -4.2689
-0.00861209
  -0.860148
   -4.32788
-0.00160971
  -0.849415
  -4.38616
0.00493934
  -0.83758
 -4.44368
0.0109979
 -0.82453
 -4.50034
0.0165274
-0.810144
 -4.55606
0.0214878
-0.794288
 -4.61073
0.0258385
-0.776814
 -4.66423
0.0295387
-0.757561
 -4.71642
0.0325483
-0.736351
 -4.76715
0.0348294
-0.712989
 -4.81627
0.0363475
-0.687262
 -4.86358
0.0370741
-0.658938
 -4.90888
0.0369885
 -0.62776
 -4.95194
0.0360818
-0.593453
  -4.9925
0.0343609
-0.555716
 -5.03029
0.0318534
-0.514224
   -5.065
0.0286143
-0.468624
 -5.09628
0.0247334
-0.418541
 -5.12379
0.0203445
-0.363574
 -5.14713
0.0156361
-0.303297
  -5.1659
0.0108634
-0.237266
  -5.17968
0.00636187
 -0.165019
  -5.18804
0.00256129
-0.0860871
-5.19061
       0
       0

