100
   0
-1.8
   0
0.00123227
  -1.79834
 0.0467187
0.00544664
  -1.79577
 0.0905956
0.0124139
 -1.79224
 0.131476
0.0218984
 -1.78771
  0.16922
0.0336614
 -1.78219
 0.203703
0.0474628
 -1.77568
 0.234816
0.0630635
 -1.76824
 0.262463
0.0802264
 -1.75994
 0.286561
0.0987178
 -1.75086
 0.307042
0.118307
-1.74111
0.323846
0.138768
 -1.7308
0.336928
0.159877
-1.72007
0.346252
0.181414
-1.70905
0.351794
0.203159
 -1.6979
 0.35354
0.224896
-1.68674
0.351484
0.246405
-1.67575
0.345631
 0.26747
-1.66505
0.335998
0.287868
-1.65478
0.322611
0.307376
-1.64508
0.305504
0.325768
-1.63605
0.284725
0.342812
-1.62782
0.260334
0.358274
-1.62045
  0.2324
0.371918
-1.61403
0.201008
0.383503
-1.60858
0.166253
0.392791
-1.60414
0.128248
 0.399542
 -1.60069
0.0871174
 0.403521
  -1.5982
0.0430021
   0.404499
   -1.59661
-0.00394168
  0.402258
  -1.59581
-0.0535421
 0.396592
  -1.5957
-0.105612
 0.387313
  -1.5961
-0.159947
0.374252
-1.59686
-0.21633
0.357266
-1.59775
-0.27453
0.336239
-1.59856
 -0.3343
 0.311087
 -1.59904
-0.395383
 0.281758
 -1.59893
-0.457513
 0.248235
 -1.59798
-0.520414
 0.210539
 -1.59591
-0.583804
 0.168723
 -1.59246
-0.647399
 0.122877
 -1.58738
-0.710909
0.0731249
 -1.58042
-0.774049
0.0196184
 -1.57137
-0.836536
-0.0374629
  -1.56003
  -0.89809
-0.0979169
  -1.54623
 -0.958441
-0.161524
 -1.52983
 -1.01733
-0.22805
-1.51074
 -1.0745
-0.297255
 -1.48887
 -1.12972
-0.368894
  -1.4642
 -1.18276
-0.442722
 -1.43672
 -1.23342
-0.518501
 -1.40646
 -1.28149
-0.596001
  -1.3735
 -1.32681
-0.675003
 -1.33792
 -1.36921
-0.755303
 -1.29984
 -1.40854
-0.836712
 -1.25941
 -1.44467
-0.919059
  -1.2168
 -1.47748
-1.00219
-1.17219
-1.50687
-1.08596
-1.12579
-1.53275
-1.17025
-1.07781
-1.55505
-1.25496
-1.02847
 -1.5737
 -1.33998
-0.978019
 -1.58864
 -1.42524
-0.926695
 -1.59985
 -1.51066
-0.874747
 -1.60729
 -1.59617
-0.822428
 -1.61093
 -1.68172
-0.769991
 -1.61078
 -1.76723
-0.717693
 -1.60682
 -1.85264
-0.665786
 -1.59908
 -1.93788
-0.614524
 -1.58756
 -2.02288
-0.564155
 -1.57231
 -2.10756
-0.514922
 -1.55336
 -2.19181
-0.467059
 -1.53077
 -2.27553
-0.420794
  -1.5046
  -2.3586
-0.376342
 -1.47492
 -2.44088
-0.333902
 -1.44183
  -2.5222
-0.293661
 -1.40544
 -2.60241
-0.255783
 -1.36586
 -2.68129
-0.220411
 -1.32321
 -2.75866
-0.187665
 -1.27766
 -2.83429
-0.157635
 -1.22937
 -2.90795
-0.130384
 -1.17851
 -2.97939
-0.105941
 -1.12528
 -3.04839
-0.084303
 -1.06989
 -3.11469
-0.065431
 -1.01257
  -3.17804
-0.0492523
 -0.953556
  -3.23823
-0.0356597
 -0.893097
 -3.29503
-0.024513
-0.831456
  -3.34823
-0.0156414
 -0.768906
   -3.39767
-0.00884653
  -0.705725
   -3.44319
-0.00390615
  -0.642196
    -3.48467
-0.000579018
   -0.578608
  -3.52203
0.00139015
 -0.515247
  -3.55521
0.00226516
 -0.452399
   -3.5842
0.00231266
 -0.390344
  -3.60901
0.00179647
 -0.329358
    -3.6297
0.000972116
  -0.269707
   -3.64636
8.17556e-05
  -0.211647
    -3.65911
-0.000650368
   -0.155423
   -3.66808
-0.00102181
  -0.101265
    -3.67346
-0.000855086
    -0.04939
-3.67543
       0
       0

