100
    0
-1.95
    0
0.00140936
  -1.94825
 0.0523389
0.00616325
  -1.94547
  0.101817
0.0140194
 -1.94157
 0.148256
0.0247272
 -1.93649
 0.191497
0.0380316
 -1.93019
 0.231394
0.053676
 -1.9227
0.267821
0.0714051
 -1.91403
 0.300666
0.0909667
 -1.90426
 0.329833
0.112113
-1.89347
0.355238
0.134602
-1.88176
0.376812
0.158197
-1.86927
0.394497
0.182667
-1.85613
0.408248
0.207785
-1.84251
0.418031
0.233329
-1.82855
 0.42382
0.259079
-1.81443
0.425602
0.284818
-1.80032
0.423373
0.310325
-1.78638
0.417138
0.335382
 -1.7728
0.406911
0.359766
-1.75973
 0.39272
0.383249
-1.74732
0.374599
  0.4056
-1.73571
0.352595
0.426582
-1.72503
0.326767
0.445952
-1.71538
0.297186
0.463461
-1.70684
0.263936
0.478857
-1.69947
0.227117
0.491885
-1.69331
 0.18684
0.502288
-1.68836
0.143236
  0.50981
 -1.68459
0.0964494
 0.514203
 -1.68193
0.0466433
   0.515225
   -1.68029
-0.00600267
  0.512648
  -1.67954
-0.0612912
 0.506261
 -1.67951
-0.119008
 0.495874
 -1.68001
-0.178921
 0.481324
 -1.68081
-0.240784
 0.462479
 -1.68167
-0.304333
  0.43924
  -1.6823
-0.369294
 0.411545
 -1.68243
-0.435379
 0.379372
 -1.68175
-0.502292
  0.34274
 -1.67996
-0.569728
0.301707
-1.67677
-0.63738
 0.256371
 -1.67188
-0.704937
 0.20687
-1.66503
-0.77209
 0.153373
 -1.65596
-0.838532
0.0960803
 -1.64445
-0.903965
0.0352178
 -1.63031
-0.968096
-0.0289687
  -1.61338
  -1.03065
-0.0962193
  -1.59355
  -1.09135
-0.166265
 -1.57072
 -1.14995
-0.238835
 -1.54488
  -1.2062
-0.313659
   -1.516
  -1.2599
-0.390475
 -1.48413
 -1.31083
-0.469033
 -1.44934
 -1.35881
-0.549094
 -1.41173
 -1.40367
-0.63044
-1.37144
-1.44526
-0.71287
-1.32862
-1.48343
-0.796202
 -1.28345
 -1.51808
-0.880277
 -1.23614
  -1.5491
-0.964952
 -1.18692
  -1.5764
-1.05011
  -1.136
-1.59989
-1.13563
-1.08364
-1.61953
-1.22144
-1.03009
-1.63525
 -1.30746
-0.975613
 -1.64702
 -1.39361
-0.920473
 -1.65481
 -1.47984
-0.864941
  -1.6586
  -1.5661
-0.809287
 -1.65837
 -1.65233
-0.753785
 -1.65414
 -1.73847
-0.698706
 -1.64591
 -1.82446
-0.644319
 -1.63369
 -1.91024
-0.590889
 -1.61753
 -1.99573
-0.538678
 -1.59746
 -2.08084
-0.487938
 -1.57354
 -2.16545
-0.438913
 -1.54583
 -2.24945
-0.391835
  -1.5144
 -2.33269
-0.346921
 -1.47935
 -2.41501
-0.304373
 -1.44079
-2.49623
-0.26437
-1.39883
 -2.57613
-0.227068
 -1.35362
 -2.65451
-0.192599
  -1.3053
-2.73111
-0.16106
-1.25405
  -2.8057
-0.132521
 -1.20006
   -2.878
-0.107011
 -1.14353
  -2.94775
-0.0845252
  -1.08468
  -3.01467
-0.0650187
  -1.02376
   -3.0785
-0.0484074
 -0.961021
  -3.13898
-0.0345684
 -0.896731
  -3.19586
-0.0233412
 -0.831171
  -3.24892
-0.0145307
 -0.764634
   -3.29796
-0.00791049
  -0.697421
   -3.34282
-0.00322721
  -0.629839
    -3.38337
-0.000206256
   -0.562195
  -3.41951
0.00144241
 -0.494802
  -3.45118
0.00201775
 -0.427967
  -3.47838
0.00182101
 -0.361992
  -3.50112
0.00114912
 -0.297175
   -3.51948
0.000288317
    -0.2338
    -3.53356
-0.000491678
   -0.172142
     -3.5435
-0.000942823
   -0.112461
    -3.54945
-0.000843107
  -0.0550043
-3.55161
       0
       0

