100
    0
-1.45
    0
0.000687932
   -1.44856
  0.0296822
0.00324882
  -1.44659
 0.0565716
0.00748215
   -1.4441
  0.080577
0.013185
-1.44111
0.101619
0.0201529
 -1.43766
 0.119628
0.0281808
  -1.4338
 0.134548
0.0370637
 -1.42961
 0.146331
0.0465964
 -1.42514
 0.154939
0.0565744
 -1.42049
 0.160348
0.0667933
 -1.41573
  0.16254
0.0770489
 -1.41096
 0.161508
0.0871371
 -1.40626
 0.157256
0.0968537
 -1.40172
 0.149797
0.105994
-1.39742
0.139153
0.114353
-1.39343
0.125358
0.121727
-1.38983
0.108454
 0.127908
 -1.38667
0.0884967
 0.132694
 -1.38399
0.0655495
  0.13588
 -1.38183
0.0396883
 0.137265
  -1.3802
0.0110002
  0.136651
   -1.3791
-0.0204161
  0.133843
  -1.37851
-0.0544503
  0.128656
  -1.37838
-0.0909799
 0.120909
 -1.37867
-0.129871
 0.110435
 -1.37928
-0.170976
0.0970764
 -1.38012
-0.214138
0.0806934
 -1.38108
-0.259187
0.0611615
 -1.38202
-0.305943
0.0383759
 -1.38279
-0.354215
0.0122527
 -1.38322
-0.403804
-0.0172691
  -1.38315
   -0.4545
-0.0502265
  -1.38239
 -0.506088
-0.0866317
  -1.38076
 -0.558346
-0.126472
 -1.37807
-0.611049
-0.169708
 -1.37414
-0.663966
-0.216278
 -1.36879
-0.716867
-0.266097
 -1.36186
 -0.76952
-0.319057
 -1.35319
-0.821699
-0.375032
 -1.34264
-0.873175
-0.433879
  -1.3301
-0.923729
-0.495441
 -1.31548
-0.973145
-0.559549
 -1.29869
 -1.02122
-0.626028
 -1.27969
 -1.06775
-0.694697
 -1.25844
 -1.11254
-0.765372
 -1.23496
 -1.15542
-0.837873
 -1.20925
 -1.19623
-0.912019
 -1.18137
  -1.2348
-0.987638
 -1.15139
 -1.27099
-1.06456
-1.11939
-1.30466
-1.14264
-1.08549
 -1.3357
-1.22171
 -1.0498
  -1.364
-1.30164
-1.01248
-1.38946
  -1.3823
-0.973669
 -1.41199
 -1.46358
-0.933549
 -1.43152
 -1.54536
-0.892295
 -1.44799
 -1.62754
-0.850094
 -1.46135
 -1.71003
-0.807141
 -1.47155
 -1.79273
-0.763637
 -1.47856
 -1.87558
-0.719785
 -1.48236
 -1.95847
-0.675792
 -1.48294
 -2.04134
-0.631865
  -1.4803
 -2.12411
-0.588212
 -1.47444
 -2.20668
-0.545037
 -1.46539
 -2.28898
-0.502543
 -1.45316
 -2.37092
-0.460926
 -1.43781
 -2.45239
-0.420376
 -1.41937
 -2.53329
-0.381077
 -1.39791
-2.6135
-0.3432
-1.3735
 -2.69289
-0.306906
 -1.34621
 -2.77134
-0.272344
 -1.31614
  -2.8487
-0.239646
  -1.2834
 -2.92481
-0.208926
 -1.24811
  -2.9995
-0.180281
 -1.21038
 -3.07262
-0.153788
 -1.17036
-3.14397
 -0.1295
-1.12821
 -3.21338
-0.107449
 -1.08408
  -3.28067
-0.0876409
  -1.03815
  -3.34565
-0.0700592
 -0.990615
  -3.40815
-0.0546619
 -0.941659
  -3.46799
-0.0413831
 -0.891491
  -3.52502
-0.0301338
 -0.840321
  -3.57908
-0.0208035
  -0.78837
  -3.63004
-0.0132618
 -0.735861
   -3.67779
-0.00736107
  -0.683022
   -3.72224
-0.00293942
  -0.630085
   -3.76331
0.000176417
  -0.577279
  -3.80095
0.00216748
 -0.524834
  -3.83515
0.00321903
 -0.472979
  -3.86591
0.00351692
 -0.421937
  -3.89325
0.00324403
 -0.371925
  -3.91722
0.00257688
 -0.323155
 -3.93792
0.0016825
-0.275831
   -3.95542
0.000715623
  -0.230146
    -3.96985
-0.000183722
   -0.186285
   -3.98135
-0.00089213
   -0.14442
   -3.99006
-0.00130431
  -0.104715
  -3.99615
-0.0013341
-0.0673192
    -3.99979
-0.000914934
   -0.032372
-4.00117
       0
       0

