100
    0
-1.55
    0
0.000871915
   -1.54849
  0.0354014
0.00399079
  -1.54633
 0.0679945
0.00914814
   -1.5435
 0.0976673
0.0161321
 -1.54002
 0.124321
0.0247288
 -1.53592
 0.147868
0.0347238
 -1.53124
 0.168234
0.0459027
 -1.52603
 0.185355
0.0580518
 -1.52039
 0.199178
0.0709584
 -1.51438
 0.209662
0.0844108
 -1.50811
 0.216776
0.0981981
 -1.50167
 0.220498
 0.11211
-1.49517
0.220819
0.125937
-1.48871
0.217736
0.139468
 -1.4824
0.211259
0.152494
-1.47633
0.201407
0.164802
-1.47061
0.188209
0.176179
-1.46532
0.171705
0.186414
-1.46053
0.151945
 0.19529
-1.45631
0.128991
0.202594
-1.45272
0.102916
 0.208111
 -1.44977
0.0738038
0.211629
-1.44748
0.041752
  0.21294
 -1.44585
0.0068699
  0.211838
  -1.44484
-0.0307205
  0.208126
  -1.44442
-0.0708842
 0.201615
 -1.44449
-0.113473
  0.19213
 -1.44498
-0.158326
 0.179507
 -1.44575
-0.205269
 0.163601
 -1.44668
-0.254116
0.144287
 -1.4476
-0.30467
 0.121461
 -1.44835
-0.356722
0.0950419
 -1.44873
-0.410053
0.0649773
 -1.44854
-0.464435
0.0312403
 -1.44758
-0.519635
-0.00616747
   -1.44564
  -0.575412
-0.0472164
  -1.44252
 -0.631521
-0.0918491
    -1.438
 -0.687716
-0.139981
  -1.4319
-0.743748
-0.191505
 -1.42403
-0.799371
-0.246287
 -1.41424
-0.854342
-0.304177
 -1.40237
-0.908421
-0.365006
 -1.38832
-0.961377
-0.428594
 -1.37197
 -1.01298
-0.494748
 -1.35327
 -1.06303
-0.563271
 -1.33217
  -1.1113
-0.633962
 -1.30866
 -1.15761
-0.706622
 -1.28274
 -1.20178
-0.781053
 -1.25446
 -1.24363
-0.857065
 -1.22387
   -1.283
-0.934475
 -1.19108
 -1.31976
-1.01311
-1.15618
-1.35378
-1.09281
-1.11931
-1.38492
-1.17342
 -1.0806
 -1.4131
-1.25481
-1.04024
-1.43821
 -1.33684
-0.998386
 -1.46017
 -1.41941
-0.955234
 -1.47892
  -1.5024
-0.910983
  -1.4944
 -1.58573
-0.865837
 -1.50656
  -1.6693
-0.820011
 -1.51536
 -1.75303
-0.773721
 -1.52078
 -1.83684
-0.727188
  -1.5228
 -1.92066
-0.680635
 -1.52142
 -2.00442
-0.634282
 -1.51664
 -2.08802
-0.588352
 -1.50847
  -2.1714
-0.543062
 -1.49694
 -2.25446
-0.498626
 -1.48209
 -2.33712
-0.455252
 -1.46395
-2.41926
-0.41314
-1.44258
 -2.50078
-0.372481
 -1.41806
 -2.58155
-0.333454
 -1.39045
 -2.66143
-0.296224
 -1.35986
 -2.74027
-0.260943
 -1.32638
 -2.81793
-0.227742
 -1.29012
 -2.89422
-0.196736
 -1.25123
 -2.96896
-0.168016
 -1.20983
 -3.04197
-0.141649
 -1.16609
-3.11304
-0.11768
-1.12017
  -3.18199
-0.0961262
  -1.07225
  -3.24861
-0.0769765
  -1.02253
 -3.31269
-0.060194
-0.971197
  -3.37405
-0.0457141
 -0.918478
  -3.43251
-0.0334458
 -0.864592
  -3.48789
-0.0232729
 -0.809771
  -3.54004
-0.0150561
 -0.754252
   -3.58881
-0.00863584
  -0.698278
   -3.63411
-0.00383468
  -0.642096
   -3.67584
-0.00046148
  -0.585952
  -3.71394
0.00168504
 -0.530093
  -3.74837
0.00281213
 -0.474766
  -3.77912
0.00312885
 -0.420212
  -3.80622
0.00284188
 -0.366665
  -3.82972
0.00215157
 -0.314356
  -3.84969
0.00124818
 -0.263504
   -3.86623
0.000308574
   -0.21432
    -3.87945
-0.000506689
   -0.167004
  -3.88952
-0.0010557
 -0.121744
 -3.89658
-0.001217
-0.078717
     -3.9008
-0.000890872
  -0.0380853
-3.90238
       0
       0

