100
    0
-1.15
    0
-0.000471018
      -1.149
 -0.00605994
-0.00142798
   -1.14811
 -0.0145271
-0.00303227
   -1.14738
 -0.0253746
-0.0054442
  -1.14684
-0.0385681
-0.00882258
    -1.1465
  -0.054065
-0.0133242
  -1.14638
-0.0718152
-0.0191034
   -1.1465
-0.0917605
-0.026311
 -1.14684
-0.113835
-0.0350941
   -1.1474
 -0.137964
-0.0455946
  -1.14816
 -0.164066
-0.0579487
  -1.14908
  -0.19205
-0.0722856
  -1.15012
 -0.221819
-0.0887264
  -1.15122
 -0.253267
-0.107383
 -1.15233
-0.286281
-0.128358
 -1.15336
-0.320741
-0.15174
-1.15423
-0.35652
-0.177609
 -1.15485
-0.393484
-0.206028
 -1.15512
-0.431494
-0.237048
 -1.15493
-0.470404
-0.270705
 -1.15417
-0.510066
-0.307019
 -1.15273
-0.550327
-0.345995
 -1.15049
-0.591028
-0.387622
 -1.14734
-0.632012
-0.431875
 -1.14317
-0.673118
-0.478714
 -1.13788
-0.714184
-0.528082
 -1.13135
 -0.75505
-0.579913
 -1.12351
-0.795555
-0.634126
 -1.11427
-0.835542
 -0.69063
 -1.10356
-0.874854
-0.749326
 -1.09132
-0.913342
-0.810106
 -1.07752
-0.950857
-0.872854
  -1.0621
-0.987258
-0.937452
 -1.04507
 -1.02241
-1.00378
-1.02642
-1.05617
-1.07171
-1.00617
-1.08844
 -1.14111
-0.984333
 -1.11907
 -1.21187
-0.960962
 -1.14798
 -1.28387
-0.936112
 -1.17506
-1.35697
-0.90985
 -1.2002
 -1.43108
-0.882259
 -1.22333
-1.50606
-0.85343
-1.24437
 -1.58182
-0.823467
 -1.26325
 -1.65826
-0.792481
  -1.2799
 -1.73526
-0.760591
 -1.29428
 -1.81275
-0.727927
 -1.30633
 -1.89061
-0.694619
 -1.31601
 -1.96877
-0.660806
  -1.3233
-2.04714
-0.62663
-1.32818
 -2.12564
-0.592234
 -1.33062
 -2.20417
-0.557766
 -1.33062
-2.28267
-0.52337
-1.32818
 -2.36104
-0.489194
  -1.3233
  -2.4392
-0.455381
 -1.31601
 -2.51707
-0.422073
 -1.30633
 -2.59455
-0.389409
 -1.29428
 -2.67155
-0.357519
  -1.2799
 -2.74799
-0.326533
 -1.26325
-2.82375
-0.29657
-1.24437
 -2.89874
-0.267741
 -1.22333
-2.97284
-0.24015
 -1.2002
 -3.04595
-0.213888
 -1.17506
 -3.11794
-0.189038
 -1.14798
  -3.1887
-0.165667
 -1.11907
 -3.25811
-0.143832
 -1.08844
 -3.32604
-0.123576
 -1.05617
 -3.39236
-0.104926
 -1.02241
  -3.45696
-0.0878959
 -0.987258
  -3.51971
-0.0724844
 -0.950857
  -3.58049
-0.0586756
 -0.913342
  -3.63918
-0.0464387
 -0.874854
  -3.69569
-0.0357291
 -0.835542
  -3.7499
-0.026489
-0.795555
  -3.80173
-0.0186479
  -0.75505
   -3.8511
-0.0121245
 -0.714184
   -3.89794
-0.00682743
  -0.673118
  -3.94219
-0.0026573
 -0.632012
   -3.98382
0.000491849
  -0.591028
  -4.02279
0.00273064
 -0.550327
  -4.05911
0.00417253
 -0.510066
  -4.09277
0.00493187
 -0.470404
  -4.12379
0.00512207
 -0.431494
   -4.1522
0.00485382
 -0.393484
  -4.17807
0.00423336
  -0.35652
  -4.20146
0.00336097
 -0.320741
  -4.22243
0.00232963
 -0.286281
  -4.24109
0.00122381
 -0.253267
   -4.25753
0.000118556
  -0.221819
   -4.27186
-0.00092121
   -0.19205
   -4.28422
-0.00184121
  -0.164066
   -4.29472
-0.00259804
  -0.137964
    -4.3035
-0.00315921
  -0.113835
   -4.31071
-0.00350296
 -0.0917605
   -4.31649
-0.00361791
 -0.0718152
   -4.32099
-0.00350246
  -0.054065
   -4.32437
-0.00316414
 -0.0385681
  -4.32678
-0.0026187
-0.0253746
   -4.32839
-0.00188918
 -0.0145271
   -4.32934
-0.00100484
-0.00605994
-4.32981
       0
       0

