100
    0
-1.85
    0
0.00129373
  -1.84831
 0.0486647
0.00569525
  -1.84567
 0.0944812
0.012971
-1.84201
0.137287
0.0228806
  -1.8373
 0.176935
0.0351797
 -1.83151
 0.213294
0.0496231
 -1.82467
  0.24625
0.0659661
 -1.81681
 0.275699
0.0839669
 -1.80801
 0.301556
0.103387
-1.79835
0.323745
0.123992
-1.78794
0.342204
0.145553
-1.77689
0.356885
0.167843
-1.76535
0.367746
 0.19064
-1.75345
0.374761
0.213724
-1.74136
0.377911
0.236875
-1.72921
0.377188
0.259878
-1.71717
0.372593
0.282511
-1.70539
0.364139
0.304555
-1.69401
0.351848
0.325785
-1.68319
0.335751
0.345975
-1.67304
0.315892
0.364893
-1.66369
0.292326
0.382303
-1.65524
0.265119
0.397965
-1.64775
0.234349
0.411637
 -1.6413
 0.20011
0.423072
-1.63591
0.162508
0.432027
 -1.6316
0.121665
 0.438257
 -1.62833
0.0777172
 0.441525
 -1.62605
0.0308173
    0.4416
  -1.62469
-0.0188659
  0.438265
  -1.62412
-0.0711472
 0.431316
  -1.6242
-0.125825
  0.42057
 -1.62475
-0.182683
 0.405869
 -1.62558
-0.241489
 0.387079
 -1.62646
-0.301997
 0.364101
 -1.62713
-0.363946
 0.336866
 -1.62734
-0.427068
 0.305344
 -1.62682
-0.491082
 0.269539
 -1.62528
-0.555702
 0.229495
 -1.62245
-0.620635
 0.185291
 -1.61805
-0.685587
 0.137043
 -1.61185
-0.750263
0.0848985
 -1.60358
 -0.81437
0.0290338
 -1.59305
 -0.87762
-0.0303487
  -1.58006
 -0.939734
-0.0930266
  -1.56445
  -1.00044
-0.158762
 -1.54611
 -1.05947
-0.227307
 -1.52495
 -1.11659
-0.298409
 -1.50091
 -1.17156
-0.371814
   -1.474
 -1.22415
-0.447272
 -1.44421
 -1.27418
-0.524544
 -1.41162
 -1.32144
-0.603398
  -1.3763
 -1.36577
-0.683621
 -1.33838
 -1.40701
-0.765013
 -1.29799
 -1.44503
-0.847393
 -1.25529
  -1.4797
-0.930596
 -1.21048
 -1.51092
-1.01448
-1.16375
-1.53858
-1.09891
-1.11533
-1.56261
-1.18378
-1.06544
-1.58294
-1.26898
-1.01431
-1.59952
 -1.35444
-0.962209
 -1.61229
 -1.44008
-0.909375
 -1.62123
-1.52584
-0.85607
-1.62632
 -1.61164
-0.802552
 -1.62753
 -1.69742
-0.749083
 -1.62487
 -1.78314
-0.695923
 -1.61835
 -1.86872
-0.643332
 -1.60797
  -1.9541
-0.591565
 -1.59377
 -2.03919
-0.540873
 -1.57579
 -2.12391
-0.491501
 -1.55407
 -2.20815
-0.443684
 -1.52867
 -2.29179
-0.397648
 -1.49967
  -2.3747
-0.353604
 -1.46716
 -2.45673
-0.311749
 -1.43122
-2.53771
-0.27226
-1.39198
 -2.61745
-0.235294
 -1.34957
 -2.69574
-0.200982
 -1.30412
-2.77236
-0.16943
-1.25581
 -2.84708
-0.140711
  -1.2048
 -2.91965
-0.114869
  -1.1513
  -2.98983
-0.0919117
   -1.0955
  -3.05736
-0.0718112
  -1.03764
  -3.12198
-0.0545041
 -0.977953
  -3.18345
-0.0398907
 -0.916691
  -3.24155
-0.0278362
 -0.854121
  -3.29605
-0.0181728
 -0.790517
  -3.34675
-0.0107028
 -0.726164
   -3.39351
-0.00520196
  -0.661351
   -3.43617
-0.00142451
  -0.596371
   -3.47464
0.000891867
  -0.531521
  -3.50885
0.00202024
 -0.467093
  -3.53877
0.00223854
 -0.403379
  -3.56441
0.00182349
 -0.340662
  -3.58581
0.00104482
  -0.27922
   -3.60306
0.000159696
  -0.219319
   -3.61627
-0.00059223
  -0.161212
    -3.62558
-0.000993119
   -0.105142
    -3.63115
-0.000850505
  -0.0513338
-3.63319
       0
       0

