100
   0
-1.2
   0
-0.000343883
    -1.19889
  -0.0017756
-0.000895749
    -1.19784
 -0.00622761
-0.00183427
   -1.19688
 -0.0133411
-0.0033375
  -1.19606
-0.0230923
-0.00558253
    -1.1954
 -0.0354481
-0.00874509
   -1.19494
 -0.0503664
-0.012999
 -1.19471
-0.067796
-0.0185154
   -1.1947
-0.0876761
-0.0254624
  -1.19493
 -0.109937
-0.0340037
  -1.19538
 -0.134498
-0.0442978
  -1.19604
 -0.161272
-0.0564971
  -1.19686
  -0.19016
-0.0707463
  -1.19781
 -0.221054
-0.0871814
  -1.19883
 -0.253837
-0.105928
 -1.19985
-0.288383
  -0.1271
 -1.20077
-0.324558
  -0.1508
 -1.20153
-0.362218
-0.177114
 -1.20199
-0.401214
-0.206114
 -1.20207
-0.441387
-0.237856
 -1.20163
-0.482572
-0.272378
 -1.20055
  -0.5246
-0.309701
 -1.19871
-0.567296
-0.349829
 -1.19598
 -0.61048
-0.392747
 -1.19223
-0.653971
-0.438422
 -1.18734
-0.697586
-0.486804
 -1.18118
-0.741139
 -0.53783
 -1.17366
-0.784447
-0.591418
 -1.16467
-0.827328
-0.647475
 -1.15412
-0.869602
-0.705895
 -1.14194
-0.911091
-0.766564
 -1.12808
-0.951625
-0.829358
 -1.11248
-0.991036
-0.894147
 -1.09512
 -1.02917
-0.960798
   -1.076
 -1.06586
-1.02917
-1.05511
-1.10097
-1.09913
-1.03249
-1.13436
-1.17055
-1.00818
-1.16591
 -1.24327
-0.982226
 -1.19549
 -1.31718
-0.954711
 -1.22299
-1.39215
-0.92572
-1.24831
 -1.46805
-0.895353
 -1.27136
 -1.54477
-0.863722
 -1.29205
  -1.6222
-0.830952
 -1.31031
 -1.70022
-0.797174
 -1.32609
 -1.77873
-0.762529
 -1.33931
 -1.85765
-0.727167
 -1.34995
 -1.93687
-0.691241
 -1.35796
  -2.0163
-0.654908
 -1.36331
-2.09587
-0.61833
-1.36599
-2.17547
-0.58167
-1.36599
 -2.25504
-0.545092
 -1.36331
-2.33448
-0.50876
-1.35796
  -2.4137
-0.472833
 -1.34995
 -2.49261
-0.437471
 -1.33931
 -2.57113
-0.402826
 -1.32609
 -2.64915
-0.369048
 -1.31031
 -2.72657
-0.336278
 -1.29205
 -2.80329
-0.304647
 -1.27136
-2.87919
-0.27428
-1.24831
 -2.95416
-0.245289
 -1.22299
 -3.02807
-0.217774
 -1.19549
  -3.1008
-0.191823
 -1.16591
 -3.17221
-0.167509
 -1.13436
 -3.24217
-0.144888
 -1.10097
 -3.31054
-0.124003
 -1.06586
 -3.37719
-0.104878
 -1.02917
  -3.44198
-0.0875214
 -0.991037
  -3.50478
-0.0719232
 -0.951625
 -3.56545
-0.058057
-0.911091
  -3.62387
-0.0458797
 -0.869602
  -3.67992
-0.0353322
 -0.827329
  -3.73351
-0.0263405
 -0.784448
  -3.78454
-0.0188173
 -0.741139
  -3.83292
-0.0126633
 -0.697586
    -3.8786
-0.00776925
  -0.653971
   -3.92151
-0.00401767
   -0.61048
   -3.96164
-0.00128537
  -0.567296
   -3.99896
0.000554493
    -0.5246
  -4.03349
0.00163006
 -0.482572
  -4.06523
0.00206853
 -0.441387
  -4.09423
0.00199399
 -0.401214
  -4.12054
0.00152538
 -0.362218
   -4.14424
0.000774642
  -0.324558
    -4.16541
-0.000154902
   -0.288383
  -4.18416
-0.0011699
 -0.253837
    -4.2006
-0.00218809
  -0.221054
   -4.21485
-0.00313904
   -0.19016
   -4.22704
-0.00396474
  -0.161272
   -4.23734
-0.00461975
  -0.134499
   -4.24588
-0.00507119
  -0.109937
   -4.25283
-0.00529843
 -0.0876762
   -4.25834
-0.00529253
  -0.067796
    -4.2626
-0.00505547
 -0.0503665
   -4.26576
-0.00459924
 -0.0354481
     -4.268
-0.00394472
 -0.0230923
   -4.26951
-0.00312043
 -0.0133412
   -4.27045
-0.00216119
-0.00622763
     -4.271
 -0.0011067
-0.00177561
-4.27134
       0
       0

