100
   0
-1.1
   0
-0.000605735
    -1.09911
  -0.0106406
-0.00199508
   -1.09841
 -0.0233841
-0.00431036
   -1.09793
 -0.0381929
-0.00769222
   -1.09768
  -0.055023
-0.0122791
  -1.09766
-0.0738238
 -0.018207
  -1.09789
-0.0945382
-0.0256082
  -1.09835
 -0.117103
-0.0346113
  -1.09903
 -0.141447
-0.0453399
  -1.09991
 -0.167495
-0.0579121
  -1.10094
 -0.195162
-0.0724395
  -1.10209
  -0.22436
-0.0890261
  -1.10329
 -0.254994
-0.107768
  -1.1045
-0.286961
-0.128751
 -1.10564
-0.320154
-0.152052
 -1.10663
-0.354461
-0.177737
 -1.10738
-0.389765
-0.205859
 -1.10781
-0.425943
 -0.23646
 -1.10782
-0.462869
-0.269568
 -1.10731
-0.500413
  -0.3052
 -1.10617
-0.538443
-0.343358
 -1.10432
-0.576824
-0.384031
 -1.10164
-0.615418
-0.427196
 -1.09804
-0.654089
-0.472816
 -1.09343
-0.692696
-0.520843
 -1.08771
-0.731104
-0.571217
 -1.08081
-0.769173
-0.623869
 -1.07265
-0.806771
-0.678718
 -1.06317
-0.843762
-0.735677
 -1.05231
-0.880018
 -0.79465
 -1.04003
-0.915412
-0.855538
  -1.0263
-0.949821
-0.918235
  -1.0111
-0.983127
-0.982631
-0.994428
 -1.01522
 -1.04862
-0.976285
 -1.04598
 -1.11608
-0.956691
 -1.07533
  -1.1849
-0.935678
 -1.10315
 -1.25498
-0.913287
 -1.12935
  -1.3262
-0.889574
 -1.15387
 -1.39845
-0.864602
 -1.17661
 -1.47163
-0.838448
  -1.1975
 -1.54564
-0.811195
 -1.21649
 -1.62038
-0.782936
 -1.23351
 -1.69575
-0.753771
 -1.24852
 -1.77165
-0.723807
 -1.26147
 -1.84802
-0.693159
 -1.27231
 -1.92474
-0.661942
 -1.28103
-2.00175
-0.63028
-1.28758
 -2.07895
-0.598297
 -1.29197
-2.15628
-0.56612
-1.29416
-2.23364
-0.53388
-1.29416
 -2.31097
-0.501703
 -1.29197
-2.38818
-0.46972
-1.28758
 -2.46518
-0.438058
 -1.28103
 -2.54191
-0.406842
 -1.27231
 -2.61827
-0.376193
 -1.26147
 -2.69418
-0.346229
 -1.24852
 -2.76955
-0.317064
 -1.23351
 -2.84429
-0.288805
 -1.21649
 -2.91829
-0.261552
  -1.1975
 -2.99148
-0.235398
 -1.17661
 -3.06373
-0.210426
 -1.15387
 -3.13495
-0.186713
 -1.12935
 -3.20502
-0.164322
 -1.10315
 -3.27385
-0.143309
 -1.07533
 -3.34131
-0.123715
 -1.04598
 -3.40729
-0.105572
 -1.01522
  -3.47169
-0.0888983
 -0.983127
 -3.53439
  -0.0737
-0.949821
  -3.59527
-0.0599709
 -0.915412
  -3.65425
-0.0476921
 -0.880018
  -3.71121
-0.0368327
 -0.843762
  -3.76606
-0.0273498
 -0.806771
  -3.81871
-0.0191895
 -0.769173
  -3.86908
-0.0122878
 -0.731104
   -3.91711
-0.00657111
  -0.692696
   -3.96273
-0.00195783
  -0.654089
  -4.00589
0.00164056
 -0.615418
  -4.04657
0.00431808
 -0.576824
  -4.08472
0.00617278
 -0.538443
  -4.12036
0.00730523
 -0.500413
  -4.15347
0.00781701
 -0.462869
  -4.18407
0.00780911
 -0.425943
  -4.21219
0.00738057
 -0.389765
  -4.23787
0.00662699
 -0.354461
  -4.26117
0.00563927
 -0.320154
  -4.28216
0.00450247
 -0.286961
   -4.3009
0.00329476
 -0.254994
  -4.31749
0.00208656
  -0.22436
   -4.33201
0.000939925
  -0.195162
    -4.34458
-9.20509e-05
   -0.167495
    -4.35531
-0.000965492
   -0.141447
   -4.36432
-0.00164592
  -0.117103
   -4.37172
-0.00210821
 -0.0945382
   -4.37765
-0.00233645
 -0.0738238
   -4.38223
-0.00232356
  -0.055023
   -4.38561
-0.00207086
 -0.0381929
   -4.38793
-0.00158749
 -0.0233841
    -4.38932
-0.000889679
  -0.0106406
-4.38992
       0
       0

