100
   0
-0.7
   0
-0.00198826
  -0.701074
 -0.0618008
-0.00813011
  -0.703057
  -0.120494
-0.0182625
  -0.70567
 -0.176182
-0.0322101
 -0.708666
 -0.228974
-0.0497899
 -0.711831
 -0.278981
-0.070815
-0.714983
-0.326316
-0.095098
-0.717967
 -0.37109
-0.122453
-0.720651
-0.413418
-0.152697
-0.722928
-0.453409
-0.185655
-0.724709
-0.491173
-0.221155
-0.725925
-0.526816
-0.259034
-0.726521
 -0.56044
-0.299136
-0.726456
-0.592146
-0.341313
  -0.7257
 -0.62203
-0.385426
-0.724234
-0.650183
-0.431343
-0.722046
-0.676695
-0.478939
-0.719135
-0.701651
-0.528098
-0.715501
 -0.72513
-0.578711
-0.711154
 -0.74721
-0.630676
-0.706106
-0.767963
-0.683896
-0.700371
-0.787459
-0.738284
-0.693968
-0.805763
-0.793754
-0.686918
-0.822937
-0.850231
-0.679244
 -0.83904
 -0.90764
-0.670969
-0.854127
-0.965914
-0.662118
 -0.86825
 -1.02499
-0.652716
-0.881457
 -1.08481
 -0.64279
-0.893794
 -1.14531
-0.632365
-0.905304
 -1.20645
-0.621468
-0.916028
 -1.26817
-0.610125
-0.926003
 -1.33044
-0.598362
-0.935264
  -1.3932
-0.586204
-0.943844
 -1.45642
-0.573678
-0.951772
 -1.52006
-0.560808
-0.959077
 -1.58409
-0.547618
-0.965784
 -1.64846
-0.534134
-0.971918
 -1.71315
-0.520379
  -0.9775
 -1.77812
-0.506377
-0.982549
 -1.84335
 -0.49215
-0.987084
 -1.90881
-0.477721
-0.991121
 -1.97448
-0.463112
-0.994674
 -2.04032
-0.448347
-0.997755
  -2.1063
-0.433445
 -1.00038
 -2.17242
-0.418428
 -1.00255
 -2.23864
-0.403318
 -1.00427
 -2.30494
-0.388136
 -1.00556
 -2.37129
-0.372902
 -1.00642
 -2.43768
-0.357638
 -1.00685
 -2.50408
-0.342362
 -1.00685
 -2.57046
-0.327098
 -1.00642
 -2.63682
-0.311864
 -1.00556
 -2.70311
-0.296682
 -1.00427
 -2.76933
-0.281572
 -1.00255
 -2.83545
-0.266555
 -1.00038
 -2.90144
-0.251654
-0.997755
 -2.96728
-0.236888
-0.994674
 -3.03294
-0.222279
-0.991121
  -3.0984
 -0.20785
-0.987084
 -3.16363
-0.193623
-0.982549
 -3.22861
-0.179621
  -0.9775
 -3.29329
-0.165866
-0.971918
 -3.35767
-0.152382
-0.965784
 -3.42169
-0.139192
-0.959077
 -3.48533
-0.126322
-0.951772
 -3.54855
-0.113796
-0.943844
 -3.61131
-0.101638
-0.935264
  -3.67358
-0.0898752
 -0.926003
   -3.7353
-0.0785321
 -0.916028
 -3.79644
-0.067635
-0.905304
  -3.85695
-0.0572102
 -0.893794
  -3.91676
-0.0472839
 -0.881457
  -3.97584
-0.0378822
  -0.86825
  -4.03411
-0.0290311
 -0.854127
 -4.09152
-0.020756
 -0.83904
    -4.148
-0.0130817
 -0.822937
   -4.20347
-0.00603207
  -0.805763
   -4.25786
0.000370576
  -0.787459
  -4.31108
0.00610552
 -0.767963
 -4.36304
0.0111543
 -0.74721
 -4.41365
0.0155015
 -0.72513
 -4.46281
0.0191347
-0.701651
 -4.51041
0.0220464
-0.676695
 -4.55633
0.0242336
-0.650183
 -4.60044
0.0256999
 -0.62203
 -4.64262
0.0264561
-0.592146
 -4.68272
0.0265214
 -0.56044
  -4.7206
0.0259254
-0.526816
  -4.7561
0.0247092
-0.491173
 -4.78906
0.0229276
-0.453409
  -4.8193
0.0206507
-0.413418
 -4.84665
0.0179666
 -0.37109
 -4.87094
0.0149832
-0.326316
 -4.89196
 0.011831
-0.278981
  -4.90954
0.00866551
 -0.228974
  -4.92349
0.00566985
 -0.176182
  -4.93362
0.00305735
 -0.120494
  -4.93976
0.00107389
-0.0618008
-4.94175
       0
       0

