100
   0
-0.1
   0
-0.00439497
  -0.108819
  -0.163573
-0.0203272
 -0.120067
 -0.300478
-0.0461997
 -0.131849
 -0.414308
-0.0803752
 -0.143002
 -0.508513
-0.121355
-0.152899
-0.586226
-0.167849
-0.161261
-0.650192
-0.218786
-0.168027
-0.702763
-0.273292
-0.173263
-0.745926
-0.330667
-0.177097
-0.781339
-0.390347
-0.179685
 -0.81038
-0.451883
-0.181189
-0.834189
-0.514916
-0.181762
-0.853704
-0.579159
-0.181545
-0.869697
-0.644382
-0.180662
-0.882802
-0.710399
-0.179222
-0.893541
-0.777062
-0.177317
 -0.90234
 -0.84425
-0.175025
-0.909549
-0.911865
-0.172413
-0.915456
-0.979828
-0.169536
-0.920295
 -1.04808
-0.166441
 -0.92426
 -1.11656
-0.163166
-0.927509
 -1.18523
-0.159742
 -0.93017
 -1.25405
-0.156197
-0.932351
   -1.323
-0.152552
-0.934137
 -1.39206
-0.148824
-0.935601
  -1.4612
-0.145029
  -0.9368
  -1.5304
-0.141178
-0.937782
 -1.59967
-0.137282
-0.938587
 -1.66898
-0.133348
-0.939247
 -1.73833
-0.129384
-0.939787
 -1.80771
-0.125394
-0.940229
 -1.87712
-0.121385
-0.940592
 -1.94655
-0.117358
-0.940888
 -2.01599
-0.113318
-0.941131
 -2.08545
-0.109266
 -0.94133
 -2.15492
-0.105205
-0.941493
  -2.2244
-0.101136
-0.941626
  -2.29389
-0.0970613
 -0.941735
  -2.36339
-0.0929814
 -0.941824
  -2.43288
-0.0888974
 -0.941896
  -2.50239
-0.0848101
 -0.941955
 -2.57189
 -0.08072
-0.942002
   -2.6414
-0.0766278
  -0.94204
  -2.71091
-0.0725338
  -0.94207
  -2.78043
-0.0684385
 -0.942094
 -2.84994
-0.064342
-0.942111
  -2.91946
-0.0602448
 -0.942124
  -2.98897
-0.0561471
 -0.942132
  -3.05849
-0.0520491
 -0.942136
  -3.12801
-0.0479509
 -0.942136
  -3.19752
-0.0438529
 -0.942132
  -3.26704
-0.0397552
 -0.942124
 -3.33655
-0.035658
-0.942111
  -3.40607
-0.0315615
 -0.942094
  -3.47558
-0.0274662
  -0.94207
  -3.54509
-0.0233722
  -0.94204
  -3.6146
 -0.01928
-0.942002
  -3.68411
-0.0151899
 -0.941955
  -3.75361
-0.0111026
 -0.941896
   -3.82311
-0.00701859
  -0.941824
    -3.8926
-0.00293873
  -0.941735
  -3.96209
0.00113608
 -0.941626
  -4.03157
0.00520469
 -0.941493
  -4.10104
0.00926573
  -0.94133
  -4.1705
0.0133175
-0.941131
 -4.23994
 0.017358
-0.940888
 -4.30937
0.0213847
-0.940592
 -4.37878
0.0253945
-0.940229
 -4.44816
0.0293838
-0.939787
 -4.51751
 0.033348
-0.939247
 -4.58682
0.0372815
-0.938587
 -4.65609
0.0411778
-0.937782
  -4.7253
0.0450286
  -0.9368
 -4.79444
0.0488239
-0.935601
 -4.86349
0.0525517
-0.934137
 -4.93244
0.0561971
-0.932351
 -5.00127
0.0597424
 -0.93017
 -5.06994
0.0631657
-0.927509
 -5.13842
0.0664409
 -0.92426
 -5.20667
 0.069536
-0.920295
 -5.27463
0.0724126
-0.915456
 -5.34224
0.0750246
-0.909549
 -5.40943
0.0773165
 -0.90234
 -5.47609
 0.079222
-0.893541
 -5.54211
0.0806625
-0.882802
 -5.60733
0.0815452
-0.869697
 -5.67158
0.0817621
-0.853704
 -5.73461
0.0811888
-0.834189
 -5.79615
0.0796848
 -0.81038
 -5.85583
0.0770965
-0.781339
  -5.9132
0.0732627
-0.745926
 -5.96771
0.0680271
-0.702763
 -6.01864
0.0612608
-0.650192
 -6.06514
0.0528991
-0.586226
 -6.10612
0.0430024
-0.508513
 -6.14029
0.0318486
-0.414308
 -6.16617
0.0200674
-0.300478
   -6.1821
0.00881917
 -0.163573
-6.18649
       0
       0

